   115.0000       26.50000       3.708426    
   115.0000       27.00000       3.754120    
   115.0000       27.50000       3.751010    
   115.0000       28.00000       3.730497    
   115.0000       28.50000       3.730511    
   115.0000       29.00000       3.745523    
   115.0000       29.50000       3.755380    
   115.0000       30.00000       3.724734    
   115.0000       30.50000       3.667449    
   115.0000       31.00000       3.642342    
   115.0000       31.50000       3.653367    
   115.0000       32.00000       3.665422    
   115.0000       32.50000       3.678906    
   115.0000       33.00000       3.710895    
   115.0000       33.50000       3.756761    
   115.0000       34.00000       3.776490    
   115.0000       34.50000       3.742318    
   115.0000       35.00000       3.687800    
   115.0000       35.50000       3.665106    
   115.5000       26.50000       3.687680    
   115.5000       27.00000       3.737681    
   115.5000       27.50000       3.744158    
   115.5000       28.00000       3.727913    
   115.5000       28.50000       3.721519    
   115.5000       29.00000       3.732819    
   115.5000       29.50000       3.752567    
   115.5000       30.00000       3.741767    
   115.5000       30.50000       3.699857    
   115.5000       31.00000       3.678853    
   115.5000       31.50000       3.683230    
   115.5000       32.00000       3.681670    
   115.5000       32.50000       3.692623    
   115.5000       33.00000       3.731920    
   115.5000       33.50000       3.759376    
   115.5000       34.00000       3.734066    
   115.5000       34.50000       3.675668    
   115.5000       35.00000       3.638293    
   115.5000       35.50000       3.651660    
   116.0000       26.50000       3.699395    
   116.0000       27.00000       3.735379    
   116.0000       27.50000       3.732790    
   116.0000       28.00000       3.709696    
   116.0000       28.50000       3.694486    
   116.0000       29.00000       3.700724    
   116.0000       29.50000       3.730575    
   116.0000       30.00000       3.749124    
   116.0000       30.50000       3.736227    
   116.0000       31.00000       3.728740    
   116.0000       31.50000       3.735321    
   116.0000       32.00000       3.726674    
   116.0000       32.50000       3.727418    
   116.0000       33.00000       3.754972    
   116.0000       33.50000       3.750345    
   116.0000       34.00000       3.682446    
   116.0000       34.50000       3.615802    
   116.0000       35.00000       3.609943    
   116.0000       35.50000       3.657019    
   116.5000       26.50000       3.713245    
   116.5000       27.00000       3.736999    
   116.5000       27.50000       3.729802    
   116.5000       28.00000       3.703997    
   116.5000       28.50000       3.683091    
   116.5000       29.00000       3.678234    
   116.5000       29.50000       3.699539    
   116.5000       30.00000       3.732560    
   116.5000       30.50000       3.748361    
   116.5000       31.00000       3.757146    
   116.5000       31.50000       3.766847    
   116.5000       32.00000       3.756586    
   116.5000       32.50000       3.753030    
   116.5000       33.00000       3.772903    
   116.5000       33.50000       3.749465    
   116.5000       34.00000       3.662011    
   116.5000       34.50000       3.601717    
   116.5000       35.00000       3.623261    
   116.5000       35.50000       3.686718    
   117.0000       26.50000       3.707069    
   117.0000       27.00000       3.731288    
   117.0000       27.50000       3.734693    
   117.0000       28.00000       3.718201    
   117.0000       28.50000       3.703964    
   117.0000       29.00000       3.695929    
   117.0000       29.50000       3.697431    
   117.0000       30.00000       3.721485    
   117.0000       30.50000       3.751155    
   117.0000       31.00000       3.767325    
   117.0000       31.50000       3.766319    
   117.0000       32.00000       3.746436    
   117.0000       32.50000       3.745213    
   117.0000       33.00000       3.772724    
   117.0000       33.50000       3.755412    
   117.0000       34.00000       3.677393    
   117.0000       34.50000       3.633364    
   117.0000       35.00000       3.669471    
   117.0000       35.50000       3.731215    
   117.5000       26.50000       3.706406    
   117.5000       27.00000       3.729768    
   117.5000       27.50000       3.738305    
   117.5000       28.00000       3.729470    
   117.5000       28.50000       3.731750    
   117.5000       29.00000       3.740505    
   117.5000       29.50000       3.734956    
   117.5000       30.00000       3.738616    
   117.5000       30.50000       3.762940    
   117.5000       31.00000       3.777145    
   117.5000       31.50000       3.754769    
   117.5000       32.00000       3.713491    
   117.5000       32.50000       3.715191    
   117.5000       33.00000       3.760370    
   117.5000       33.50000       3.764213    
   117.5000       34.00000       3.707320    
   117.5000       34.50000       3.674046    
   117.5000       35.00000       3.706901    
   117.5000       35.50000       3.754288    
   118.0000       26.50000       3.729152    
   118.0000       27.00000       3.739076    
   118.0000       27.50000       3.736683    
   118.0000       28.00000       3.725914    
   118.0000       28.50000       3.738702    
   118.0000       29.00000       3.767134    
   118.0000       29.50000       3.772928    
   118.0000       30.00000       3.763262    
   118.0000       30.50000       3.772057    
   118.0000       31.00000       3.784106    
   118.0000       31.50000       3.753815    
   118.0000       32.00000       3.698175    
   118.0000       32.50000       3.696021    
   118.0000       33.00000       3.749036    
   118.0000       33.50000       3.771125    
   118.0000       34.00000       3.729938    
   118.0000       34.50000       3.693429    
   118.0000       35.00000       3.706162    
   118.0000       35.50000       3.733388    
   118.5000       26.50000       3.758133    
   118.5000       27.00000       3.759197    
   118.5000       27.50000       3.748637    
   118.5000       28.00000       3.734183    
   118.5000       28.50000       3.738585    
   118.5000       29.00000       3.761320    
   118.5000       29.50000       3.779324    
   118.5000       30.00000       3.772927    
   118.5000       30.50000       3.768326    
   118.5000       31.00000       3.779055    
   118.5000       31.50000       3.764539    
   118.5000       32.00000       3.716601    
   118.5000       32.50000       3.698886    
   118.5000       33.00000       3.734319    
   118.5000       33.50000       3.763945    
   118.5000       34.00000       3.739871    
   118.5000       34.50000       3.700671    
   118.5000       35.00000       3.687196    
   118.5000       35.50000       3.695192    
   119.0000       26.50000       3.767776    
   119.0000       27.00000       3.776299    
   119.0000       27.50000       3.775102    
   119.0000       28.00000       3.768813    
   119.0000       28.50000       3.762032    
   119.0000       29.00000       3.762139    
   119.0000       29.50000       3.777461    
   119.0000       30.00000       3.774524    
   119.0000       30.50000       3.755427    
   119.0000       31.00000       3.757224    
   119.0000       31.50000       3.766612    
   119.0000       32.00000       3.742326    
   119.0000       32.50000       3.706193    
   119.0000       33.00000       3.708891    
   119.0000       33.50000       3.739825    
   119.0000       34.00000       3.747597    
   119.0000       34.50000       3.724205    
   119.0000       35.00000       3.690868    
   119.0000       35.50000       3.682022    
   119.5000       26.50000       3.736885    
   119.5000       27.00000       3.752794    
   119.5000       27.50000       3.774548    
   119.5000       28.00000       3.795843    
   119.5000       28.50000       3.798051    
   119.5000       29.00000       3.786123    
   119.5000       29.50000       3.784896    
   119.5000       30.00000       3.771984    
   119.5000       30.50000       3.740796    
   119.5000       31.00000       3.732084    
   119.5000       31.50000       3.755811    
   119.5000       32.00000       3.753272    
   119.5000       32.50000       3.707503    
   119.5000       33.00000       3.681459    
   119.5000       33.50000       3.709045    
   119.5000       34.00000       3.755727    
   119.5000       34.50000       3.765083    
   119.5000       35.00000       3.722940    
   119.5000       35.50000       3.694051    
   120.0000       26.50000       3.693100    
   120.0000       27.00000       3.703673    
   120.0000       27.50000       3.743773    
   120.0000       28.00000       3.794985    
   120.0000       28.50000       3.816081    
   120.0000       29.00000       3.802506    
   120.0000       29.50000       3.784701    
   120.0000       30.00000       3.767165    
   120.0000       30.50000       3.746665    
   120.0000       31.00000       3.738224    
   120.0000       31.50000       3.757285    
   120.0000       32.00000       3.759224    
   120.0000       32.50000       3.711755    
   120.0000       33.00000       3.669128    
   120.0000       33.50000       3.686124    
   120.0000       34.00000       3.756266    
   120.0000       34.50000       3.798198    
   120.0000       35.00000       3.758743    
   120.0000       35.50000       3.707500    
   120.5000       26.50000       3.700488    
   120.5000       27.00000       3.692079    
   120.5000       27.50000       3.721419    
   120.5000       28.00000       3.781165    
   120.5000       28.50000       3.817068    
   120.5000       29.00000       3.806349    
   120.5000       29.50000       3.780754    
   120.5000       30.00000       3.769127    
   120.5000       30.50000       3.774073    
   120.5000       31.00000       3.772669    
   120.5000       31.50000       3.770544    
   120.5000       32.00000       3.758956    
   120.5000       32.50000       3.715396    
   120.5000       33.00000       3.672327    
   120.5000       33.50000       3.676663    
   120.5000       34.00000       3.745718    
   120.5000       34.50000       3.806824    
   120.5000       35.00000       3.783433    
   120.5000       35.50000       3.726083    
   121.0000       26.50000       3.733955    
   121.0000       27.00000       3.712472    
   121.0000       27.50000       3.717189    
   121.0000       28.00000       3.768656    
   121.0000       28.50000       3.815460    
   121.0000       29.00000       3.813845    
   121.0000       29.50000       3.787750    
   121.0000       30.00000       3.779840    
   121.0000       30.50000       3.800300    
   121.0000       31.00000       3.802663    
   121.0000       31.50000       3.775604    
   121.0000       32.00000       3.740656    
   121.0000       32.50000       3.706141    
   121.0000       33.00000       3.680664    
   121.0000       33.50000       3.678881    
   121.0000       34.00000       3.729708    
   121.0000       34.50000       3.790654    
   121.0000       35.00000       3.790876    
   121.0000       35.50000       3.757778    
   121.5000       26.50000       3.717897    
   121.5000       27.00000       3.714196    
   121.5000       27.50000       3.717165    
   121.5000       28.00000       3.757740    
   121.5000       28.50000       3.801870    
   121.5000       29.00000       3.802619    
   121.5000       29.50000       3.777973    
   121.5000       30.00000       3.776373    
   121.5000       30.50000       3.807251    
   121.5000       31.00000       3.815235    
   121.5000       31.50000       3.780334    
   121.5000       32.00000       3.732906    
   121.5000       32.50000       3.712494    
   121.5000       33.00000       3.713483    
   121.5000       33.50000       3.710693    
   121.5000       34.00000       3.732936    
   121.5000       34.50000       3.770936    
   121.5000       35.00000       3.781842    
   121.5000       35.50000       3.782486    
   122.0000       26.50000       3.692355    
   122.0000       27.00000       3.711059    
   122.0000       27.50000       3.716263    
   122.0000       28.00000       3.743733    
   122.0000       28.50000       3.777731    
   122.0000       29.00000       3.771382    
   122.0000       29.50000       3.740857    
   122.0000       30.00000       3.743668    
   122.0000       30.50000       3.789704    
   122.0000       31.00000       3.818390    
   122.0000       31.50000       3.804466    
   122.0000       32.00000       3.770444    
   122.0000       32.50000       3.769084    
   122.0000       33.00000       3.789926    
   122.0000       33.50000       3.785961    
   122.0000       34.00000       3.782990    
   122.0000       34.50000       3.789701    
   122.0000       35.00000       3.786639    
   122.0000       35.50000       3.791496    
   122.5000       26.50000       3.719090    
   122.5000       27.00000       3.728978    
   122.5000       27.50000       3.717591    
   122.5000       28.00000       3.733455    
   122.5000       28.50000       3.768648    
   122.5000       29.00000       3.765299    
   122.5000       29.50000       3.725523    
   122.5000       30.00000       3.712696    
   122.5000       30.50000       3.760031    
   122.5000       31.00000       3.815985    
   122.5000       31.50000       3.836916    
   122.5000       32.00000       3.827898    
   122.5000       32.50000       3.844238    
   122.5000       33.00000       3.873383    
   122.5000       33.50000       3.868613    
   122.5000       34.00000       3.859730    
   122.5000       34.50000       3.855269    
   122.5000       35.00000       3.834369    
   122.5000       35.50000       3.809772    
   123.0000       26.50000       3.749842    
   123.0000       27.00000       3.733281    
   123.0000       27.50000       3.712925    
   123.0000       28.00000       3.729356    
   123.0000       28.50000       3.770468    
   123.0000       29.00000       3.784820    
   123.0000       29.50000       3.751340    
   123.0000       30.00000       3.714066    
   123.0000       30.50000       3.740799    
   123.0000       31.00000       3.811887    
   123.0000       31.50000       3.858258    
   123.0000       32.00000       3.864250    
   123.0000       32.50000       3.888771    
   123.0000       33.00000       3.916339    
   123.0000       33.50000       3.906470    
   123.0000       34.00000       3.903152    
   123.0000       34.50000       3.916593    
   123.0000       35.00000       3.906207    
   123.0000       35.50000       3.855660    
