   115.0000       26.50000       3.671769    
   115.0000       27.00000       3.697093    
   115.0000       27.50000       3.696315    
   115.0000       28.00000       3.695647    
   115.0000       28.50000       3.766539    
   115.0000       29.00000       3.884662    
   115.0000       29.50000       3.902225    
   115.0000       30.00000       3.788573    
   115.0000       30.50000       3.673670    
   115.0000       31.00000       3.635156    
   115.0000       31.50000       3.650285    
   115.0000       32.00000       3.680951    
   115.0000       32.50000       3.720537    
   115.0000       33.00000       3.767494    
   115.0000       33.50000       3.796686    
   115.0000       34.00000       3.790662    
   115.0000       34.50000       3.781504    
   115.0000       35.00000       3.796811    
   115.0000       35.50000       3.796820    
   115.5000       26.50000       3.654912    
   115.5000       27.00000       3.691321    
   115.5000       27.50000       3.704271    
   115.5000       28.00000       3.705568    
   115.5000       28.50000       3.768734    
   115.5000       29.00000       3.888939    
   115.5000       29.50000       3.921249    
   115.5000       30.00000       3.812009    
   115.5000       30.50000       3.693507    
   115.5000       31.00000       3.673447    
   115.5000       31.50000       3.706086    
   115.5000       32.00000       3.713626    
   115.5000       32.50000       3.722523    
   115.5000       33.00000       3.755144    
   115.5000       33.50000       3.757487    
   115.5000       34.00000       3.719867    
   115.5000       34.50000       3.711531    
   115.5000       35.00000       3.747533    
   115.5000       35.50000       3.765013    
   116.0000       26.50000       3.668748    
   116.0000       27.00000       3.685064    
   116.0000       27.50000       3.695390    
   116.0000       28.00000       3.696664    
   116.0000       28.50000       3.743580    
   116.0000       29.00000       3.845100    
   116.0000       29.50000       3.887357    
   116.0000       30.00000       3.803174    
   116.0000       30.50000       3.699996    
   116.0000       31.00000       3.699299    
   116.0000       31.50000       3.748888    
   116.0000       32.00000       3.741226    
   116.0000       32.50000       3.717602    
   116.0000       33.00000       3.726885    
   116.0000       33.50000       3.711269    
   116.0000       34.00000       3.662573    
   116.0000       34.50000       3.657079    
   116.0000       35.00000       3.703913    
   116.0000       35.50000       3.743333    
   116.5000       26.50000       3.699864    
   116.5000       27.00000       3.692688    
   116.5000       27.50000       3.687845    
   116.5000       28.00000       3.686648    
   116.5000       28.50000       3.716223    
   116.5000       29.00000       3.781419    
   116.5000       29.50000       3.816187    
   116.5000       30.00000       3.768557    
   116.5000       30.50000       3.699975    
   116.5000       31.00000       3.703953    
   116.5000       31.50000       3.743687    
   116.5000       32.00000       3.728899    
   116.5000       32.50000       3.703816    
   116.5000       33.00000       3.717505    
   116.5000       33.50000       3.704264    
   116.5000       34.00000       3.650921    
   116.5000       34.50000       3.633340    
   116.5000       35.00000       3.676769    
   116.5000       35.50000       3.735760    
   117.0000       26.50000       3.700960    
   117.0000       27.00000       3.701701    
   117.0000       27.50000       3.692747    
   117.0000       28.00000       3.688457    
   117.0000       28.50000       3.709493    
   117.0000       29.00000       3.749572    
   117.0000       29.50000       3.770537    
   117.0000       30.00000       3.749777    
   117.0000       30.50000       3.715982    
   117.0000       31.00000       3.709454    
   117.0000       31.50000       3.711206    
   117.0000       32.00000       3.688884    
   117.0000       32.50000       3.691316    
   117.0000       33.00000       3.734133    
   117.0000       33.50000       3.728284    
   117.0000       34.00000       3.663639    
   117.0000       34.50000       3.627312    
   117.0000       35.00000       3.663531    
   117.0000       35.50000       3.728853    
   117.5000       26.50000       3.688151    
   117.5000       27.00000       3.708483    
   117.5000       27.50000       3.704746    
   117.5000       28.00000       3.694918    
   117.5000       28.50000       3.716118    
   117.5000       29.00000       3.756999    
   117.5000       29.50000       3.768302    
   117.5000       30.00000       3.751503    
   117.5000       30.50000       3.744291    
   117.5000       31.00000       3.737066    
   117.5000       31.50000       3.698447    
   117.5000       32.00000       3.655692    
   117.5000       32.50000       3.679492    
   117.5000       33.00000       3.747359    
   117.5000       33.50000       3.744874    
   117.5000       34.00000       3.671117    
   117.5000       34.50000       3.626225    
   117.5000       35.00000       3.653953    
   117.5000       35.50000       3.701704    
   118.0000       26.50000       3.730097    
   118.0000       27.00000       3.739243    
   118.0000       27.50000       3.720076    
   118.0000       28.00000       3.695206    
   118.0000       28.50000       3.717597    
   118.0000       29.00000       3.770873    
   118.0000       29.50000       3.775687    
   118.0000       30.00000       3.748488    
   118.0000       30.50000       3.760268    
   118.0000       31.00000       3.774067    
   118.0000       31.50000       3.721624    
   118.0000       32.00000       3.657609    
   118.0000       32.50000       3.677028    
   118.0000       33.00000       3.745375    
   118.0000       33.50000       3.747654    
   118.0000       34.00000       3.682716    
   118.0000       34.50000       3.640778    
   118.0000       35.00000       3.649060    
   118.0000       35.50000       3.657552    
   118.5000       26.50000       3.806420    
   118.5000       27.00000       3.795386    
   118.5000       27.50000       3.746174    
   118.5000       28.00000       3.700008    
   118.5000       28.50000       3.713278    
   118.5000       29.00000       3.769482    
   118.5000       29.50000       3.776886    
   118.5000       30.00000       3.740947    
   118.5000       30.50000       3.750906    
   118.5000       31.00000       3.786527    
   118.5000       31.50000       3.756879    
   118.5000       32.00000       3.694737    
   118.5000       32.50000       3.687407    
   118.5000       33.00000       3.728364    
   118.5000       33.50000       3.745392    
   118.5000       34.00000       3.718314    
   118.5000       34.50000       3.686112    
   118.5000       35.00000       3.658957    
   118.5000       35.50000       3.622775    
   119.0000       26.50000       3.832830    
   119.0000       27.00000       3.839713    
   119.0000       27.50000       3.784878    
   119.0000       28.00000       3.722934    
   119.0000       28.50000       3.711601    
   119.0000       29.00000       3.755669    
   119.0000       29.50000       3.780327    
   119.0000       30.00000       3.747526    
   119.0000       30.50000       3.729339    
   119.0000       31.00000       3.760922    
   119.0000       31.50000       3.771457    
   119.0000       32.00000       3.733954    
   119.0000       32.50000       3.688890    
   119.0000       33.00000       3.687937    
   119.0000       33.50000       3.729162    
   119.0000       34.00000       3.762765    
   119.0000       34.50000       3.747499    
   119.0000       35.00000       3.680804    
   119.0000       35.50000       3.610029    
   119.5000       26.50000       3.792094    
   119.5000       27.00000       3.831209    
   119.5000       27.50000       3.803380    
   119.5000       28.00000       3.751186    
   119.5000       28.50000       3.724707    
   119.5000       29.00000       3.750247    
   119.5000       29.50000       3.784745    
   119.5000       30.00000       3.760680    
   119.5000       30.50000       3.716884    
   119.5000       31.00000       3.726875    
   119.5000       31.50000       3.763090    
   119.5000       32.00000       3.748322    
   119.5000       32.50000       3.672786    
   119.5000       33.00000       3.638501    
   119.5000       33.50000       3.696603    
   119.5000       34.00000       3.779453    
   119.5000       34.50000       3.784596    
   119.5000       35.00000       3.697300    
   119.5000       35.50000       3.610476    
   120.0000       26.50000       3.742730    
   120.0000       27.00000       3.770789    
   120.0000       27.50000       3.770177    
   120.0000       28.00000       3.758623    
   120.0000       28.50000       3.751811    
   120.0000       29.00000       3.760564    
   120.0000       29.50000       3.774952    
   120.0000       30.00000       3.754759    
   120.0000       30.50000       3.717001    
   120.0000       31.00000       3.715075    
   120.0000       31.50000       3.745662    
   120.0000       32.00000       3.735001    
   120.0000       32.50000       3.659209    
   120.0000       33.00000       3.619008    
   120.0000       33.50000       3.668239    
   120.0000       34.00000       3.753622    
   120.0000       34.50000       3.772782    
   120.0000       35.00000       3.701718    
   120.0000       35.50000       3.628282    
   120.5000       26.50000       3.748974    
   120.5000       27.00000       3.724275    
   120.5000       27.50000       3.715074    
   120.5000       28.00000       3.735986    
   120.5000       28.50000       3.766591    
   120.5000       29.00000       3.775312    
   120.5000       29.50000       3.765913    
   120.5000       30.00000       3.748846    
   120.5000       30.50000       3.735082    
   120.5000       31.00000       3.727637    
   120.5000       31.50000       3.727030    
   120.5000       32.00000       3.709479    
   120.5000       32.50000       3.665024    
   120.5000       33.00000       3.640012    
   120.5000       33.50000       3.656488    
   120.5000       34.00000       3.703117    
   120.5000       34.50000       3.728630    
   120.5000       35.00000       3.706254    
   120.5000       35.50000       3.678318    
   121.0000       26.50000       3.797014    
   121.0000       27.00000       3.732075    
   121.0000       27.50000       3.686440    
   121.0000       28.00000       3.699098    
   121.0000       28.50000       3.749320    
   121.0000       29.00000       3.777763    
   121.0000       29.50000       3.772714    
   121.0000       30.00000       3.765002    
   121.0000       30.50000       3.769453    
   121.0000       31.00000       3.758123    
   121.0000       31.50000       3.725406    
   121.0000       32.00000       3.694610    
   121.0000       32.50000       3.681111    
   121.0000       33.00000       3.672983    
   121.0000       33.50000       3.652227    
   121.0000       34.00000       3.649310    
   121.0000       34.50000       3.676689    
   121.0000       35.00000       3.708845    
   121.0000       35.50000       3.736818    
   121.5000       26.50000       3.818154    
   121.5000       27.00000       3.753901    
   121.5000       27.50000       3.689380    
   121.5000       28.00000       3.678645    
   121.5000       28.50000       3.719097    
   121.5000       29.00000       3.757912    
   121.5000       29.50000       3.766132    
   121.5000       30.00000       3.765112    
   121.5000       30.50000       3.780360    
   121.5000       31.00000       3.783283    
   121.5000       31.50000       3.746760    
   121.5000       32.00000       3.701545    
   121.5000       32.50000       3.698502    
   121.5000       33.00000       3.705384    
   121.5000       33.50000       3.660744    
   121.5000       34.00000       3.615297    
   121.5000       34.50000       3.635248    
   121.5000       35.00000       3.698495    
   121.5000       35.50000       3.759224    
   122.0000       26.50000       3.794758    
   122.0000       27.00000       3.754601    
   122.0000       27.50000       3.699991    
   122.0000       28.00000       3.676002    
   122.0000       28.50000       3.694641    
   122.0000       29.00000       3.728859    
   122.0000       29.50000       3.741434    
   122.0000       30.00000       3.732594    
   122.0000       30.50000       3.744323    
   122.0000       31.00000       3.771782    
   122.0000       31.50000       3.761918    
   122.0000       32.00000       3.716587    
   122.0000       32.50000       3.715957    
   122.0000       33.00000       3.739094    
   122.0000       33.50000       3.690752    
   122.0000       34.00000       3.620822    
   122.0000       34.50000       3.629067    
   122.0000       35.00000       3.694371    
   122.0000       35.50000       3.747954    
   122.5000       26.50000       3.763206    
   122.5000       27.00000       3.745387    
   122.5000       27.50000       3.700639    
   122.5000       28.00000       3.668065    
   122.5000       28.50000       3.679722    
   122.5000       29.00000       3.718848    
   122.5000       29.50000       3.736227    
   122.5000       30.00000       3.711537    
   122.5000       30.50000       3.699893    
   122.5000       31.00000       3.737403    
   122.5000       31.50000       3.756295    
   122.5000       32.00000       3.717711    
   122.5000       32.50000       3.718855    
   122.5000       33.00000       3.754542    
   122.5000       33.50000       3.715144    
   122.5000       34.00000       3.646113    
   122.5000       34.50000       3.657209    
   122.5000       35.00000       3.717545    
   122.5000       35.50000       3.739788    
   123.0000       26.50000       3.744975    
   123.0000       27.00000       3.733364    
   123.0000       27.50000       3.691442    
   123.0000       28.00000       3.657781    
   123.0000       28.50000       3.676325    
   123.0000       29.00000       3.721865    
   123.0000       29.50000       3.744548    
   123.0000       30.00000       3.714829    
   123.0000       30.50000       3.680475    
   123.0000       31.00000       3.710477    
   123.0000       31.50000       3.740561    
   123.0000       32.00000       3.706748    
   123.0000       32.50000       3.708251    
   123.0000       33.00000       3.744076    
   123.0000       33.50000       3.710490    
   123.0000       34.00000       3.657657    
   123.0000       34.50000       3.690269    
   123.0000       35.00000       3.759586    
   123.0000       35.50000       3.754743    
