   115.0000       26.50000       3.805001    
   115.0000       27.00000       3.805000    
   115.0000       27.50000       3.805000    
   115.0000       28.00000       3.805001    
   115.0000       28.50000       3.805000    
   115.0000       29.00000       3.805000    
   115.0000       29.50000       3.805001    
   115.0000       30.00000       3.805001    
   115.0000       30.50000       3.805000    
   115.0000       31.00000       3.805001    
   115.0000       31.50000       3.805000    
   115.0000       32.00000       3.804998    
   115.0000       32.50000       3.805000    
   115.0000       33.00000       3.805001    
   115.0000       33.50000       3.804999    
   115.0000       34.00000       3.805000    
   115.0000       34.50000       3.805000    
   115.0000       35.00000       3.804999    
   115.0000       35.50000       3.805000    
   115.5000       26.50000       3.805000    
   115.5000       27.00000       3.805000    
   115.5000       27.50000       3.805000    
   115.5000       28.00000       3.804999    
   115.5000       28.50000       3.804999    
   115.5000       29.00000       3.805000    
   115.5000       29.50000       3.805000    
   115.5000       30.00000       3.805000    
   115.5000       30.50000       3.805002    
   115.5000       31.00000       3.805000    
   115.5000       31.50000       3.805000    
   115.5000       32.00000       3.804999    
   115.5000       32.50000       3.804999    
   115.5000       33.00000       3.805001    
   115.5000       33.50000       3.805000    
   115.5000       34.00000       3.805000    
   115.5000       34.50000       3.805000    
   115.5000       35.00000       3.805000    
   115.5000       35.50000       3.805000    
   116.0000       26.50000       3.804999    
   116.0000       27.00000       3.805000    
   116.0000       27.50000       3.805001    
   116.0000       28.00000       3.805001    
   116.0000       28.50000       3.805000    
   116.0000       29.00000       3.805001    
   116.0000       29.50000       3.804999    
   116.0000       30.00000       3.805000    
   116.0000       30.50000       3.805001    
   116.0000       31.00000       3.805000    
   116.0000       31.50000       3.805001    
   116.0000       32.00000       3.804999    
   116.0000       32.50000       3.805000    
   116.0000       33.00000       3.804999    
   116.0000       33.50000       3.805000    
   116.0000       34.00000       3.805001    
   116.0000       34.50000       3.805000    
   116.0000       35.00000       3.805001    
   116.0000       35.50000       3.805001    
   116.5000       26.50000       3.805000    
   116.5000       27.00000       3.805001    
   116.5000       27.50000       3.805000    
   116.5000       28.00000       3.805000    
   116.5000       28.50000       3.805001    
   116.5000       29.00000       3.805000    
   116.5000       29.50000       3.805000    
   116.5000       30.00000       3.805000    
   116.5000       30.50000       3.804999    
   116.5000       31.00000       3.805000    
   116.5000       31.50000       3.805000    
   116.5000       32.00000       3.805000    
   116.5000       32.50000       3.805001    
   116.5000       33.00000       3.805001    
   116.5000       33.50000       3.804999    
   116.5000       34.00000       3.805000    
   116.5000       34.50000       3.804999    
   116.5000       35.00000       3.805000    
   116.5000       35.50000       3.805000    
   117.0000       26.50000       3.805000    
   117.0000       27.00000       3.805000    
   117.0000       27.50000       3.804999    
   117.0000       28.00000       3.805001    
   117.0000       28.50000       3.805000    
   117.0000       29.00000       3.804999    
   117.0000       29.50000       3.805000    
   117.0000       30.00000       3.805002    
   117.0000       30.50000       3.805001    
   117.0000       31.00000       3.804999    
   117.0000       31.50000       3.805000    
   117.0000       32.00000       3.804999    
   117.0000       32.50000       3.804999    
   117.0000       33.00000       3.805000    
   117.0000       33.50000       3.804999    
   117.0000       34.00000       3.805001    
   117.0000       34.50000       3.805001    
   117.0000       35.00000       3.805000    
   117.0000       35.50000       3.805000    
   117.5000       26.50000       3.805001    
   117.5000       27.00000       3.805001    
   117.5000       27.50000       3.805000    
   117.5000       28.00000       3.804998    
   117.5000       28.50000       3.804999    
   117.5000       29.00000       3.805000    
   117.5000       29.50000       3.805000    
   117.5000       30.00000       3.804999    
   117.5000       30.50000       3.805000    
   117.5000       31.00000       3.805000    
   117.5000       31.50000       3.805000    
   117.5000       32.00000       3.805000    
   117.5000       32.50000       3.804999    
   117.5000       33.00000       3.805001    
   117.5000       33.50000       3.805001    
   117.5000       34.00000       3.804999    
   117.5000       34.50000       3.805000    
   117.5000       35.00000       3.805001    
   117.5000       35.50000       3.804999    
   118.0000       26.50000       3.805001    
   118.0000       27.00000       3.805000    
   118.0000       27.50000       3.805001    
   118.0000       28.00000       3.805001    
   118.0000       28.50000       3.805000    
   118.0000       29.00000       3.805001    
   118.0000       29.50000       3.805001    
   118.0000       30.00000       3.805000    
   118.0000       30.50000       3.804999    
   118.0000       31.00000       3.805000    
   118.0000       31.50000       3.804999    
   118.0000       32.00000       3.805000    
   118.0000       32.50000       3.805000    
   118.0000       33.00000       3.805001    
   118.0000       33.50000       3.804999    
   118.0000       34.00000       3.805000    
   118.0000       34.50000       3.805000    
   118.0000       35.00000       3.805000    
   118.0000       35.50000       3.805001    
   118.5000       26.50000       3.805000    
   118.5000       27.00000       3.805001    
   118.5000       27.50000       3.804999    
   118.5000       28.00000       3.805001    
   118.5000       28.50000       3.805000    
   118.5000       29.00000       3.805000    
   118.5000       29.50000       3.805000    
   118.5000       30.00000       3.805000    
   118.5000       30.50000       3.805000    
   118.5000       31.00000       3.805001    
   118.5000       31.50000       3.805000    
   118.5000       32.00000       3.805000    
   118.5000       32.50000       3.804999    
   118.5000       33.00000       3.805000    
   118.5000       33.50000       3.805000    
   118.5000       34.00000       3.805000    
   118.5000       34.50000       3.805000    
   118.5000       35.00000       3.805000    
   118.5000       35.50000       3.804999    
   119.0000       26.50000       3.805000    
   119.0000       27.00000       3.805001    
   119.0000       27.50000       3.805000    
   119.0000       28.00000       3.804999    
   119.0000       28.50000       3.805000    
   119.0000       29.00000       3.805001    
   119.0000       29.50000       3.804999    
   119.0000       30.00000       3.804999    
   119.0000       30.50000       3.805000    
   119.0000       31.00000       3.805000    
   119.0000       31.50000       3.805000    
   119.0000       32.00000       3.804999    
   119.0000       32.50000       3.805000    
   119.0000       33.00000       3.805002    
   119.0000       33.50000       3.804999    
   119.0000       34.00000       3.805000    
   119.0000       34.50000       3.805000    
   119.0000       35.00000       3.805000    
   119.0000       35.50000       3.805001    
   119.5000       26.50000       3.805000    
   119.5000       27.00000       3.805000    
   119.5000       27.50000       3.804999    
   119.5000       28.00000       3.805002    
   119.5000       28.50000       3.804999    
   119.5000       29.00000       3.805000    
   119.5000       29.50000       3.805000    
   119.5000       30.00000       3.805000    
   119.5000       30.50000       3.804999    
   119.5000       31.00000       3.805000    
   119.5000       31.50000       3.805001    
   119.5000       32.00000       3.805000    
   119.5000       32.50000       3.805000    
   119.5000       33.00000       3.805000    
   119.5000       33.50000       3.805000    
   119.5000       34.00000       3.805001    
   119.5000       34.50000       3.805001    
   119.5000       35.00000       3.805000    
   119.5000       35.50000       3.804999    
   120.0000       26.50000       3.804999    
   120.0000       27.00000       3.804999    
   120.0000       27.50000       3.804999    
   120.0000       28.00000       3.805000    
   120.0000       28.50000       3.804999    
   120.0000       29.00000       3.804999    
   120.0000       29.50000       3.805000    
   120.0000       30.00000       3.805000    
   120.0000       30.50000       3.804999    
   120.0000       31.00000       3.805000    
   120.0000       31.50000       3.805000    
   120.0000       32.00000       3.805001    
   120.0000       32.50000       3.805001    
   120.0000       33.00000       3.805001    
   120.0000       33.50000       3.805001    
   120.0000       34.00000       3.805000    
   120.0000       34.50000       3.805001    
   120.0000       35.00000       3.804999    
   120.0000       35.50000       3.805000    
   120.5000       26.50000       3.805001    
   120.5000       27.00000       3.805000    
   120.5000       27.50000       3.805000    
   120.5000       28.00000       3.805001    
   120.5000       28.50000       3.805000    
   120.5000       29.00000       3.805002    
   120.5000       29.50000       3.805000    
   120.5000       30.00000       3.805001    
   120.5000       30.50000       3.805001    
   120.5000       31.00000       3.805000    
   120.5000       31.50000       3.804999    
   120.5000       32.00000       3.804999    
   120.5000       32.50000       3.805000    
   120.5000       33.00000       3.805000    
   120.5000       33.50000       3.804999    
   120.5000       34.00000       3.805001    
   120.5000       34.50000       3.804999    
   120.5000       35.00000       3.805000    
   120.5000       35.50000       3.805000    
   121.0000       26.50000       3.805000    
   121.0000       27.00000       3.805000    
   121.0000       27.50000       3.805001    
   121.0000       28.00000       3.805000    
   121.0000       28.50000       3.805000    
   121.0000       29.00000       3.805000    
   121.0000       29.50000       3.805001    
   121.0000       30.00000       3.805000    
   121.0000       30.50000       3.805000    
   121.0000       31.00000       3.805000    
   121.0000       31.50000       3.804999    
   121.0000       32.00000       3.805000    
   121.0000       32.50000       3.804999    
   121.0000       33.00000       3.804999    
   121.0000       33.50000       3.804999    
   121.0000       34.00000       3.805001    
   121.0000       34.50000       3.805000    
   121.0000       35.00000       3.805001    
   121.0000       35.50000       3.804999    
   121.5000       26.50000       3.804999    
   121.5000       27.00000       3.805000    
   121.5000       27.50000       3.805001    
   121.5000       28.00000       3.805001    
   121.5000       28.50000       3.805001    
   121.5000       29.00000       3.804999    
   121.5000       29.50000       3.805000    
   121.5000       30.00000       3.804999    
   121.5000       30.50000       3.805000    
   121.5000       31.00000       3.805000    
   121.5000       31.50000       3.805000    
   121.5000       32.00000       3.805000    
   121.5000       32.50000       3.804999    
   121.5000       33.00000       3.804999    
   121.5000       33.50000       3.805000    
   121.5000       34.00000       3.805000    
   121.5000       34.50000       3.805001    
   121.5000       35.00000       3.804999    
   121.5000       35.50000       3.805001    
   122.0000       26.50000       3.804999    
   122.0000       27.00000       3.805000    
   122.0000       27.50000       3.805000    
   122.0000       28.00000       3.805001    
   122.0000       28.50000       3.804999    
   122.0000       29.00000       3.805001    
   122.0000       29.50000       3.805000    
   122.0000       30.00000       3.805000    
   122.0000       30.50000       3.805001    
   122.0000       31.00000       3.804999    
   122.0000       31.50000       3.805000    
   122.0000       32.00000       3.805000    
   122.0000       32.50000       3.805000    
   122.0000       33.00000       3.805000    
   122.0000       33.50000       3.805001    
   122.0000       34.00000       3.805000    
   122.0000       34.50000       3.805000    
   122.0000       35.00000       3.805001    
   122.0000       35.50000       3.805001    
   122.5000       26.50000       3.805000    
   122.5000       27.00000       3.805000    
   122.5000       27.50000       3.804999    
   122.5000       28.00000       3.804999    
   122.5000       28.50000       3.804999    
   122.5000       29.00000       3.804999    
   122.5000       29.50000       3.805000    
   122.5000       30.00000       3.805001    
   122.5000       30.50000       3.805000    
   122.5000       31.00000       3.805001    
   122.5000       31.50000       3.805001    
   122.5000       32.00000       3.805000    
   122.5000       32.50000       3.805001    
   122.5000       33.00000       3.805000    
   122.5000       33.50000       3.805000    
   122.5000       34.00000       3.804999    
   122.5000       34.50000       3.804999    
   122.5000       35.00000       3.805000    
   122.5000       35.50000       3.805000    
   123.0000       26.50000       3.805001    
   123.0000       27.00000       3.805000    
   123.0000       27.50000       3.804999    
   123.0000       28.00000       3.805000    
   123.0000       28.50000       3.805000    
   123.0000       29.00000       3.805000    
   123.0000       29.50000       3.805000    
   123.0000       30.00000       3.805000    
   123.0000       30.50000       3.805001    
   123.0000       31.00000       3.805000    
   123.0000       31.50000       3.805001    
   123.0000       32.00000       3.805001    
   123.0000       32.50000       3.805001    
   123.0000       33.00000       3.805001    
   123.0000       33.50000       3.805001    
   123.0000       34.00000       3.805000    
   123.0000       34.50000       3.805000    
   123.0000       35.00000       3.805000    
   123.0000       35.50000       3.805001    
