   115.0000       26.50000       4.020598    
   115.0000       27.00000       4.010913    
   115.0000       27.50000       4.000787    
   115.0000       28.00000       3.997456    
   115.0000       28.50000       4.003083    
   115.0000       29.00000       4.013148    
   115.0000       29.50000       4.019533    
   115.0000       30.00000       4.019252    
   115.0000       30.50000       4.015640    
   115.0000       31.00000       4.013555    
   115.0000       31.50000       4.015060    
   115.0000       32.00000       4.020366    
   115.0000       32.50000       4.029320    
   115.0000       33.00000       4.038343    
   115.0000       33.50000       4.041790    
   115.0000       34.00000       4.039965    
   115.0000       34.50000       4.039017    
   115.0000       35.00000       4.041342    
   115.0000       35.50000       4.044434    
   115.5000       26.50000       4.021240    
   115.5000       27.00000       4.013989    
   115.5000       27.50000       4.011644    
   115.5000       28.00000       4.016975    
   115.5000       28.50000       4.026913    
   115.5000       29.00000       4.034999    
   115.5000       29.50000       4.035850    
   115.5000       30.00000       4.031307    
   115.5000       30.50000       4.026835    
   115.5000       31.00000       4.025394    
   115.5000       31.50000       4.026252    
   115.5000       32.00000       4.028337    
   115.5000       32.50000       4.032656    
   115.5000       33.00000       4.038382    
   115.5000       33.50000       4.040223    
   115.5000       34.00000       4.037154    
   115.5000       34.50000       4.034238    
   115.5000       35.00000       4.033828    
   115.5000       35.50000       4.034381    
   116.0000       26.50000       4.021512    
   116.0000       27.00000       4.016326    
   116.0000       27.50000       4.021873    
   116.0000       28.00000       4.035557    
   116.0000       28.50000       4.050122    
   116.0000       29.00000       4.058426    
   116.0000       29.50000       4.057349    
   116.0000       30.00000       4.051013    
   116.0000       30.50000       4.044586    
   116.0000       31.00000       4.039685    
   116.0000       31.50000       4.036926    
   116.0000       32.00000       4.036746    
   116.0000       32.50000       4.040081    
   116.0000       33.00000       4.046328    
   116.0000       33.50000       4.050089    
   116.0000       34.00000       4.049004    
   116.0000       34.50000       4.046255    
   116.0000       35.00000       4.043647    
   116.0000       35.50000       4.040556    
   116.5000       26.50000       4.020309    
   116.5000       27.00000       4.016520    
   116.5000       27.50000       4.026176    
   116.5000       28.00000       4.042628    
   116.5000       28.50000       4.056962    
   116.5000       29.00000       4.063630    
   116.5000       29.50000       4.061289    
   116.5000       30.00000       4.054875    
   116.5000       30.50000       4.048575    
   116.5000       31.00000       4.042321    
   116.5000       31.50000       4.038682    
   116.5000       32.00000       4.041367    
   116.5000       32.50000       4.050652    
   116.5000       33.00000       4.063408    
   116.5000       33.50000       4.073364    
   116.5000       34.00000       4.076911    
   116.5000       34.50000       4.075229    
   116.5000       35.00000       4.070114    
   116.5000       35.50000       4.062619    
   117.0000       26.50000       4.018069    
   117.0000       27.00000       4.014063    
   117.0000       27.50000       4.022033    
   117.0000       28.00000       4.034715    
   117.0000       28.50000       4.043379    
   117.0000       29.00000       4.043883    
   117.0000       29.50000       4.037093    
   117.0000       30.00000       4.031568    
   117.0000       30.50000       4.032079    
   117.0000       31.00000       4.033484    
   117.0000       31.50000       4.034656    
   117.0000       32.00000       4.041769    
   117.0000       32.50000       4.057492    
   117.0000       33.00000       4.078389    
   117.0000       33.50000       4.097091    
   117.0000       34.00000       4.106689    
   117.0000       34.50000       4.105322    
   117.0000       35.00000       4.096468    
   117.0000       35.50000       4.084977    
   117.5000       26.50000       4.015167    
   117.5000       27.00000       4.009432    
   117.5000       27.50000       4.011834    
   117.5000       28.00000       4.018122    
   117.5000       28.50000       4.020578    
   117.5000       29.00000       4.013896    
   117.5000       29.50000       4.001472    
   117.5000       30.00000       3.999070    
   117.5000       30.50000       4.012989    
   117.5000       31.00000       4.028819    
   117.5000       31.50000       4.036007    
   117.5000       32.00000       4.041524    
   117.5000       32.50000       4.054090    
   117.5000       33.00000       4.076163    
   117.5000       33.50000       4.101610    
   117.5000       34.00000       4.117407    
   117.5000       34.50000       4.115770    
   117.5000       35.00000       4.102717    
   117.5000       35.50000       4.088899    
   118.0000       26.50000       4.016198    
   118.0000       27.00000       4.008946    
   118.0000       27.50000       4.005342    
   118.0000       28.00000       4.006117    
   118.0000       28.50000       4.005767    
   118.0000       29.00000       3.996324    
   118.0000       29.50000       3.982062    
   118.0000       30.00000       3.984406    
   118.0000       30.50000       4.009713    
   118.0000       31.00000       4.035733    
   118.0000       31.50000       4.045160    
   118.0000       32.00000       4.043789    
   118.0000       32.50000       4.043419    
   118.0000       33.00000       4.055038    
   118.0000       33.50000       4.079459    
   118.0000       34.00000       4.098986    
   118.0000       34.50000       4.097476    
   118.0000       35.00000       4.081691    
   118.0000       35.50000       4.067379    
   118.5000       26.50000       4.028102    
   118.5000       27.00000       4.021405    
   118.5000       27.50000       4.013433    
   118.5000       28.00000       4.009961    
   118.5000       28.50000       4.009998    
   118.5000       29.00000       4.003615    
   118.5000       29.50000       3.991715    
   118.5000       30.00000       3.994356    
   118.5000       30.50000       4.016962    
   118.5000       31.00000       4.039492    
   118.5000       31.50000       4.047929    
   118.5000       32.00000       4.044097    
   118.5000       32.50000       4.033603    
   118.5000       33.00000       4.029961    
   118.5000       33.50000       4.044319    
   118.5000       34.00000       4.061509    
   118.5000       34.50000       4.060057    
   118.5000       35.00000       4.044042    
   118.5000       35.50000       4.030132    
   119.0000       26.50000       4.047929    
   119.0000       27.00000       4.043835    
   119.0000       27.50000       4.033305    
   119.0000       28.00000       4.026102    
   119.0000       28.50000       4.027920    
   119.0000       29.00000       4.027876    
   119.0000       29.50000       4.018948    
   119.0000       30.00000       4.014295    
   119.0000       30.50000       4.019498    
   119.0000       31.00000       4.025938    
   119.0000       31.50000       4.031293    
   119.0000       32.00000       4.034642    
   119.0000       32.50000       4.029113    
   119.0000       33.00000       4.019020    
   119.0000       33.50000       4.020328    
   119.0000       34.00000       4.028185    
   119.0000       34.50000       4.024886    
   119.0000       35.00000       4.009899    
   119.0000       35.50000       3.996018    
   119.5000       26.50000       4.062668    
   119.5000       27.00000       4.061028    
   119.5000       27.50000       4.049036    
   119.5000       28.00000       4.039347    
   119.5000       28.50000       4.043274    
   119.5000       29.00000       4.048688    
   119.5000       29.50000       4.042055    
   119.5000       30.00000       4.031070    
   119.5000       30.50000       4.019746    
   119.5000       31.00000       4.007490    
   119.5000       31.50000       4.005447    
   119.5000       32.00000       4.018439    
   119.5000       32.50000       4.030859    
   119.5000       33.00000       4.029031    
   119.5000       33.50000       4.021875    
   119.5000       34.00000       4.016846    
   119.5000       34.50000       4.008772    
   119.5000       35.00000       3.994259    
   119.5000       35.50000       3.979573    
   120.0000       26.50000       4.063549    
   120.0000       27.00000       4.062875    
   120.0000       27.50000       4.049850    
   120.0000       28.00000       4.039580    
   120.0000       28.50000       4.045082    
   120.0000       29.00000       4.053098    
   120.0000       29.50000       4.051550    
   120.0000       30.00000       4.045843    
   120.0000       30.50000       4.031672    
   120.0000       31.00000       4.005960    
   120.0000       31.50000       3.991756    
   120.0000       32.00000       4.008711    
   120.0000       32.50000       4.040075    
   120.0000       33.00000       4.053750    
   120.0000       33.50000       4.043638    
   120.0000       34.00000       4.025793    
   120.0000       34.50000       4.011375    
   120.0000       35.00000       3.997632    
   120.0000       35.50000       3.983004    
   120.5000       26.50000       4.054741    
   120.5000       27.00000       4.054656    
   120.5000       27.50000       4.041575    
   120.5000       28.00000       4.031139    
   120.5000       28.50000       4.034566    
   120.5000       29.00000       4.041638    
   120.5000       29.50000       4.048807    
   120.5000       30.00000       4.058944    
   120.5000       30.50000       4.054568    
   120.5000       31.00000       4.023223    
   120.5000       31.50000       3.995424    
   120.5000       32.00000       4.009217    
   120.5000       32.50000       4.052198    
   120.5000       33.00000       4.078921    
   120.5000       33.50000       4.067947    
   120.5000       34.00000       4.039111    
   120.5000       34.50000       4.019559    
   120.5000       35.00000       4.009435    
   120.5000       35.50000       3.998280    
   121.0000       26.50000       4.046586    
   121.0000       27.00000       4.048381    
   121.0000       27.50000       4.036631    
   121.0000       28.00000       4.024618    
   121.0000       28.50000       4.021658    
   121.0000       29.00000       4.024444    
   121.0000       29.50000       4.038296    
   121.0000       30.00000       4.064323    
   121.0000       30.50000       4.074876    
   121.0000       31.00000       4.046109    
   121.0000       31.50000       4.006241    
   121.0000       32.00000       4.008135    
   121.0000       32.50000       4.052507    
   121.0000       33.00000       4.088206    
   121.0000       33.50000       4.079177    
   121.0000       34.00000       4.043948    
   121.0000       34.50000       4.022656    
   121.0000       35.00000       4.019572    
   121.0000       35.50000       4.015560    
   121.5000       26.50000       4.041692    
   121.5000       27.00000       4.045693    
   121.5000       27.50000       4.035134    
   121.5000       28.00000       4.021607    
   121.5000       28.50000       4.014233    
   121.5000       29.00000       4.013168    
   121.5000       29.50000       4.027508    
   121.5000       30.00000       4.060195    
   121.5000       30.50000       4.081712    
   121.5000       31.00000       4.060583    
   121.5000       31.50000       4.014303    
   121.5000       32.00000       3.999243    
   121.5000       32.50000       4.035305    
   121.5000       33.00000       4.076452    
   121.5000       33.50000       4.074234    
   121.5000       34.00000       4.040231    
   121.5000       34.50000       4.021037    
   121.5000       35.00000       4.025651    
   121.5000       35.50000       4.029536    
   122.0000       26.50000       4.034454    
   122.0000       27.00000       4.039032    
   122.0000       27.50000       4.028767    
   122.0000       28.00000       4.015780    
   122.0000       28.50000       4.010352    
   122.0000       29.00000       4.010628    
   122.0000       29.50000       4.022426    
   122.0000       30.00000       4.052217    
   122.0000       30.50000       4.077389    
   122.0000       31.00000       4.065329    
   122.0000       31.50000       4.021407    
   122.0000       32.00000       3.993972    
   122.0000       32.50000       4.015823    
   122.0000       33.00000       4.055393    
   122.0000       33.50000       4.061350    
   122.0000       34.00000       4.035407    
   122.0000       34.50000       4.020744    
   122.0000       35.00000       4.030157    
   122.0000       35.50000       4.039312    
   122.5000       26.50000       4.023076    
   122.5000       27.00000       4.026145    
   122.5000       27.50000       4.016075    
   122.5000       28.00000       4.005607    
   122.5000       28.50000       4.006168    
   122.5000       29.00000       4.012350    
   122.5000       29.50000       4.022808    
   122.5000       30.00000       4.046332    
   122.5000       30.50000       4.072191    
   122.5000       31.00000       4.070417    
   122.5000       31.50000       4.034851    
   122.5000       32.00000       4.001497    
   122.5000       32.50000       4.007753    
   122.5000       33.00000       4.038788    
   122.5000       33.50000       4.050258    
   122.5000       34.00000       4.034262    
   122.5000       34.50000       4.023322    
   122.5000       35.00000       4.033189    
   122.5000       35.50000       4.044309    
   123.0000       26.50000       4.011104    
   123.0000       27.00000       4.011414    
   123.0000       27.50000       4.002520    
   123.0000       28.00000       3.996344    
   123.0000       28.50000       4.003657    
   123.0000       29.00000       4.015806    
   123.0000       29.50000       4.025471    
   123.0000       30.00000       4.043509    
   123.0000       30.50000       4.070427    
   123.0000       31.00000       4.079168    
   123.0000       31.50000       4.052723    
   123.0000       32.00000       4.015540    
   123.0000       32.50000       4.008158    
   123.0000       33.00000       4.029794    
   123.0000       33.50000       4.043567    
   123.0000       34.00000       4.033543    
   123.0000       34.50000       4.022656    
   123.0000       35.00000       4.030042    
   123.0000       35.50000       4.042002    
