   115.0000       26.50000       3.864308    
   115.0000       27.00000       3.887348    
   115.0000       27.50000       3.871219    
   115.0000       28.00000       3.845116    
   115.0000       28.50000       3.835669    
   115.0000       29.00000       3.833628    
   115.0000       29.50000       3.839510    
   115.0000       30.00000       3.869888    
   115.0000       30.50000       3.910682    
   115.0000       31.00000       3.922415    
   115.0000       31.50000       3.897403    
   115.0000       32.00000       3.873709    
   115.0000       32.50000       3.884908    
   115.0000       33.00000       3.928230    
   115.0000       33.50000       3.980068    
   115.0000       34.00000       4.006107    
   115.0000       34.50000       3.978230    
   115.0000       35.00000       3.912366    
   115.0000       35.50000       3.855726    
   115.5000       26.50000       3.890196    
   115.5000       27.00000       3.910104    
   115.5000       27.50000       3.877737    
   115.5000       28.00000       3.830072    
   115.5000       28.50000       3.817800    
   115.5000       29.00000       3.832515    
   115.5000       29.50000       3.849267    
   115.5000       30.00000       3.876875    
   115.5000       30.50000       3.912074    
   115.5000       31.00000       3.922043    
   115.5000       31.50000       3.899541    
   115.5000       32.00000       3.879874    
   115.5000       32.50000       3.895500    
   115.5000       33.00000       3.938319    
   115.5000       33.50000       3.980814    
   115.5000       34.00000       3.995421    
   115.5000       34.50000       3.961303    
   115.5000       35.00000       3.900618    
   115.5000       35.50000       3.861289    
   116.0000       26.50000       3.895993    
   116.0000       27.00000       3.927375    
   116.0000       27.50000       3.896803    
   116.0000       28.00000       3.834573    
   116.0000       28.50000       3.812409    
   116.0000       29.00000       3.832442    
   116.0000       29.50000       3.856405    
   116.0000       30.00000       3.887920    
   116.0000       30.50000       3.926283    
   116.0000       31.00000       3.937664    
   116.0000       31.50000       3.913512    
   116.0000       32.00000       3.891570    
   116.0000       32.50000       3.905821    
   116.0000       33.00000       3.941973    
   116.0000       33.50000       3.970516    
   116.0000       34.00000       3.975137    
   116.0000       34.50000       3.945002    
   116.0000       35.00000       3.901631    
   116.0000       35.50000       3.883608    
   116.5000       26.50000       3.887116    
   116.5000       27.00000       3.928193    
   116.5000       27.50000       3.912035    
   116.5000       28.00000       3.852293    
   116.5000       28.50000       3.830327    
   116.5000       29.00000       3.857029    
   116.5000       29.50000       3.884099    
   116.5000       30.00000       3.913251    
   116.5000       30.50000       3.948532    
   116.5000       31.00000       3.955505    
   116.5000       31.50000       3.927614    
   116.5000       32.00000       3.906661    
   116.5000       32.50000       3.922211    
   116.5000       33.00000       3.950247    
   116.5000       33.50000       3.959899    
   116.5000       34.00000       3.949215    
   116.5000       34.50000       3.922805    
   116.5000       35.00000       3.900148    
   116.5000       35.50000       3.903527    
   117.0000       26.50000       3.890436    
   117.0000       27.00000       3.922412    
   117.0000       27.50000       3.916689    
   117.0000       28.00000       3.872019    
   117.0000       28.50000       3.862012    
   117.0000       29.00000       3.899020    
   117.0000       29.50000       3.926087    
   117.0000       30.00000       3.941056    
   117.0000       30.50000       3.961661    
   117.0000       31.00000       3.962968    
   117.0000       31.50000       3.938080    
   117.0000       32.00000       3.924039    
   117.0000       32.50000       3.941904    
   117.0000       33.00000       3.960710    
   117.0000       33.50000       3.949166    
   117.0000       34.00000       3.919357    
   117.0000       34.50000       3.893509    
   117.0000       35.00000       3.887459    
   117.0000       35.50000       3.905931    
   117.5000       26.50000       3.911211    
   117.5000       27.00000       3.921380    
   117.5000       27.50000       3.916946    
   117.5000       28.00000       3.888884    
   117.5000       28.50000       3.889132    
   117.5000       29.00000       3.928816    
   117.5000       29.50000       3.949642    
   117.5000       30.00000       3.942794    
   117.5000       30.50000       3.944090    
   117.5000       31.00000       3.946543    
   117.5000       31.50000       3.935666    
   117.5000       32.00000       3.930092    
   117.5000       32.50000       3.943828    
   117.5000       33.00000       3.949789    
   117.5000       33.50000       3.922024    
   117.5000       34.00000       3.883099    
   117.5000       34.50000       3.864856    
   117.5000       35.00000       3.872523    
   117.5000       35.50000       3.896686    
   118.0000       26.50000       3.934436    
   118.0000       27.00000       3.925843    
   118.0000       27.50000       3.918318    
   118.0000       28.00000       3.901387    
   118.0000       28.50000       3.903563    
   118.0000       29.00000       3.935330    
   118.0000       29.50000       3.944541    
   118.0000       30.00000       3.920624    
   118.0000       30.50000       3.908666    
   118.0000       31.00000       3.909083    
   118.0000       31.50000       3.905003    
   118.0000       32.00000       3.903946    
   118.0000       32.50000       3.912848    
   118.0000       33.00000       3.907951    
   118.0000       33.50000       3.874358    
   118.0000       34.00000       3.845013    
   118.0000       34.50000       3.848845    
   118.0000       35.00000       3.871116    
   118.0000       35.50000       3.893234    
   118.5000       26.50000       3.949623    
   118.5000       27.00000       3.931720    
   118.5000       27.50000       3.920361    
   118.5000       28.00000       3.907154    
   118.5000       28.50000       3.907139    
   118.5000       29.00000       3.932830    
   118.5000       29.50000       3.938867    
   118.5000       30.00000       3.914586    
   118.5000       30.50000       3.897112    
   118.5000       31.00000       3.881374    
   118.5000       31.50000       3.864995    
   118.5000       32.00000       3.864610    
   118.5000       32.50000       3.876090    
   118.5000       33.00000       3.867859    
   118.5000       33.50000       3.835107    
   118.5000       34.00000       3.823411    
   118.5000       34.50000       3.852946    
   118.5000       35.00000       3.885602    
   118.5000       35.50000       3.898959    
   119.0000       26.50000       3.952370    
   119.0000       27.00000       3.935714    
   119.0000       27.50000       3.921796    
   119.0000       28.00000       3.906023    
   119.0000       28.50000       3.903065    
   119.0000       29.00000       3.930747    
   119.0000       29.50000       3.948862    
   119.0000       30.00000       3.937517    
   119.0000       30.50000       3.912135    
   119.0000       31.00000       3.874414    
   119.0000       31.50000       3.849028    
   119.0000       32.00000       3.856580    
   119.0000       32.50000       3.874697    
   119.0000       33.00000       3.867584    
   119.0000       33.50000       3.838381    
   119.0000       34.00000       3.837276    
   119.0000       34.50000       3.876608    
   119.0000       35.00000       3.905140    
   119.0000       35.50000       3.904095    
   119.5000       26.50000       3.944037    
   119.5000       27.00000       3.934703    
   119.5000       27.50000       3.921477    
   119.5000       28.00000       3.903693    
   119.5000       28.50000       3.895676    
   119.5000       29.00000       3.919182    
   119.5000       29.50000       3.949759    
   119.5000       30.00000       3.952527    
   119.5000       30.50000       3.914196    
   119.5000       31.00000       3.862158    
   119.5000       31.50000       3.848458    
   119.5000       32.00000       3.876042    
   119.5000       32.50000       3.899349    
   119.5000       33.00000       3.896149    
   119.5000       33.50000       3.879667    
   119.5000       34.00000       3.885343    
   119.5000       34.50000       3.916153    
   119.5000       35.00000       3.927514    
   119.5000       35.50000       3.913001    
   120.0000       26.50000       3.931164    
   120.0000       27.00000       3.928370    
   120.0000       27.50000       3.921734    
   120.0000       28.00000       3.909995    
   120.0000       28.50000       3.895326    
   120.0000       29.00000       3.899536    
   120.0000       29.50000       3.930014    
   120.0000       30.00000       3.945458    
   120.0000       30.50000       3.904671    
   120.0000       31.00000       3.850225    
   120.0000       31.50000       3.844725    
   120.0000       32.00000       3.880201    
   120.0000       32.50000       3.902506    
   120.0000       33.00000       3.908642    
   120.0000       33.50000       3.920467    
   120.0000       34.00000       3.942925    
   120.0000       34.50000       3.963964    
   120.0000       35.00000       3.960796    
   120.0000       35.50000       3.942553    
   120.5000       26.50000       3.915196    
   120.5000       27.00000       3.916369    
   120.5000       27.50000       3.920471    
   120.5000       28.00000       3.921669    
   120.5000       28.50000       3.904644    
   120.5000       29.00000       3.888417    
   120.5000       29.50000       3.907712    
   120.5000       30.00000       3.936599    
   120.5000       30.50000       3.921593    
   120.5000       31.00000       3.879586    
   120.5000       31.50000       3.856828    
   120.5000       32.00000       3.867652    
   120.5000       32.50000       3.878331    
   120.5000       33.00000       3.892687    
   120.5000       33.50000       3.934075    
   120.5000       34.00000       3.979317    
   120.5000       34.50000       3.999154    
   120.5000       35.00000       3.993951    
   120.5000       35.50000       3.983408    
   121.0000       26.50000       3.904703    
   121.0000       27.00000       3.904507    
   121.0000       27.50000       3.913118    
   121.0000       28.00000       3.925651    
   121.0000       28.50000       3.917696    
   121.0000       29.00000       3.894639    
   121.0000       29.50000       3.892139    
   121.0000       30.00000       3.924161    
   121.0000       30.50000       3.951948    
   121.0000       31.00000       3.935475    
   121.0000       31.50000       3.890442    
   121.0000       32.00000       3.866817    
   121.0000       32.50000       3.863039    
   121.0000       33.00000       3.877738    
   121.0000       33.50000       3.928495    
   121.0000       34.00000       3.980413    
   121.0000       34.50000       3.995347    
   121.0000       35.00000       3.991014    
   121.0000       35.50000       3.991671    
   121.5000       26.50000       3.918051    
   121.5000       27.00000       3.910682    
   121.5000       27.50000       3.910516    
   121.5000       28.00000       3.922161    
   121.5000       28.50000       3.928887    
   121.5000       29.00000       3.914087    
   121.5000       29.50000       3.887522    
   121.5000       30.00000       3.900321    
   121.5000       30.50000       3.951926    
   121.5000       31.00000       3.961778    
   121.5000       31.50000       3.913168    
   121.5000       32.00000       3.871698    
   121.5000       32.50000       3.862925    
   121.5000       33.00000       3.878434    
   121.5000       33.50000       3.920136    
   121.5000       34.00000       3.954061    
   121.5000       34.50000       3.947895    
   121.5000       35.00000       3.933175    
   121.5000       35.50000       3.938264    
   122.0000       26.50000       3.951385    
   122.0000       27.00000       3.937658    
   122.0000       27.50000       3.920904    
   122.0000       28.00000       3.916094    
   122.0000       28.50000       3.925447    
   122.0000       29.00000       3.925215    
   122.0000       29.50000       3.894110    
   122.0000       30.00000       3.880198    
   122.0000       30.50000       3.921184    
   122.0000       31.00000       3.946086    
   122.0000       31.50000       3.908551    
   122.0000       32.00000       3.861444    
   122.0000       32.50000       3.854756    
   122.0000       33.00000       3.879027    
   122.0000       33.50000       3.911704    
   122.0000       34.00000       3.921140    
   122.0000       34.50000       3.887601    
   122.0000       35.00000       3.852087    
   122.0000       35.50000       3.849952    
   122.5000       26.50000       3.968733    
   122.5000       27.00000       3.954087    
   122.5000       27.50000       3.923427    
   122.5000       28.00000       3.898623    
   122.5000       28.50000       3.898589    
   122.5000       29.00000       3.912944    
   122.5000       29.50000       3.903478    
   122.5000       30.00000       3.879490    
   122.5000       30.50000       3.894695    
   122.5000       31.00000       3.922139    
   122.5000       31.50000       3.897211    
   122.5000       32.00000       3.844106    
   122.5000       32.50000       3.834918    
   122.5000       33.00000       3.869232    
   122.5000       33.50000       3.903583    
   122.5000       34.00000       3.904956    
   122.5000       34.50000       3.858673    
   122.5000       35.00000       3.804807    
   122.5000       35.50000       3.786028    
   123.0000       26.50000       3.955808    
   123.0000       27.00000       3.944401    
   123.0000       27.50000       3.907322    
   123.0000       28.00000       3.871640    
   123.0000       28.50000       3.866573    
   123.0000       29.00000       3.895910    
   123.0000       29.50000       3.916666    
   123.0000       30.00000       3.898071    
   123.0000       30.50000       3.889423    
   123.0000       31.00000       3.912514    
   123.0000       31.50000       3.899950    
   123.0000       32.00000       3.840389    
   123.0000       32.50000       3.819211    
   123.0000       33.00000       3.855554    
   123.0000       33.50000       3.898645    
   123.0000       34.00000       3.912213    
   123.0000       34.50000       3.876140    
   123.0000       35.00000       3.817155    
   123.0000       35.50000       3.780163    
