   115.0000       26.50000       3.826997    
   115.0000       27.00000       3.879322    
   115.0000       27.50000       3.885605    
   115.0000       28.00000       3.841885    
   115.0000       28.50000       3.814065    
   115.0000       29.00000       3.824444    
   115.0000       29.50000       3.825398    
   115.0000       30.00000       3.845022    
   115.0000       30.50000       3.913691    
   115.0000       31.00000       3.952984    
   115.0000       31.50000       3.936508    
   115.0000       32.00000       3.904957    
   115.0000       32.50000       3.845424    
   115.0000       33.00000       3.779999    
   115.0000       33.50000       3.780283    
   115.0000       34.00000       3.813183    
   115.0000       34.50000       3.808623    
   115.0000       35.00000       3.805137    
   115.0000       35.50000       3.848581    
   115.5000       26.50000       3.816120    
   115.5000       27.00000       3.860468    
   115.5000       27.50000       3.889293    
   115.5000       28.00000       3.874174    
   115.5000       28.50000       3.858410    
   115.5000       29.00000       3.865808    
   115.5000       29.50000       3.854793    
   115.5000       30.00000       3.856913    
   115.5000       30.50000       3.895256    
   115.5000       31.00000       3.901055    
   115.5000       31.50000       3.871743    
   115.5000       32.00000       3.844254    
   115.5000       32.50000       3.795480    
   115.5000       33.00000       3.744878    
   115.5000       33.50000       3.757154    
   115.5000       34.00000       3.799056    
   115.5000       34.50000       3.815174    
   115.5000       35.00000       3.834336    
   115.5000       35.50000       3.865764    
   116.0000       26.50000       3.837801    
   116.0000       27.00000       3.854724    
   116.0000       27.50000       3.872762    
   116.0000       28.00000       3.867885    
   116.0000       28.50000       3.863778    
   116.0000       29.00000       3.869871    
   116.0000       29.50000       3.847523    
   116.0000       30.00000       3.830953    
   116.0000       30.50000       3.845284    
   116.0000       31.00000       3.838961    
   116.0000       31.50000       3.815792    
   116.0000       32.00000       3.796430    
   116.0000       32.50000       3.760200    
   116.0000       33.00000       3.731846    
   116.0000       33.50000       3.759163    
   116.0000       34.00000       3.806782    
   116.0000       34.50000       3.832201    
   116.0000       35.00000       3.848468    
   116.0000       35.50000       3.853608    
   116.5000       26.50000       3.868902    
   116.5000       27.00000       3.866531    
   116.5000       27.50000       3.862793    
   116.5000       28.00000       3.852273    
   116.5000       28.50000       3.848500    
   116.5000       29.00000       3.850429    
   116.5000       29.50000       3.824021    
   116.5000       30.00000       3.793545    
   116.5000       30.50000       3.794050    
   116.5000       31.00000       3.801003    
   116.5000       31.50000       3.803952    
   116.5000       32.00000       3.795871    
   116.5000       32.50000       3.772064    
   116.5000       33.00000       3.764044    
   116.5000       33.50000       3.791840    
   116.5000       34.00000       3.823119    
   116.5000       34.50000       3.836443    
   116.5000       35.00000       3.838898    
   116.5000       35.50000       3.833142    
   117.0000       26.50000       3.846775    
   117.0000       27.00000       3.851804    
   117.0000       27.50000       3.860509    
   117.0000       28.00000       3.857234    
   117.0000       28.50000       3.844817    
   117.0000       29.00000       3.837211    
   117.0000       29.50000       3.819288    
   117.0000       30.00000       3.791899    
   117.0000       30.50000       3.787584    
   117.0000       31.00000       3.809910    
   117.0000       31.50000       3.835591    
   117.0000       32.00000       3.836155    
   117.0000       32.50000       3.826394    
   117.0000       33.00000       3.831900    
   117.0000       33.50000       3.839393    
   117.0000       34.00000       3.834475    
   117.0000       34.50000       3.829004    
   117.0000       35.00000       3.830701    
   117.0000       35.50000       3.838095    
   117.5000       26.50000       3.797217    
   117.5000       27.00000       3.819017    
   117.5000       27.50000       3.860834    
   117.5000       28.00000       3.874724    
   117.5000       28.50000       3.854143    
   117.5000       29.00000       3.839059    
   117.5000       29.50000       3.836289    
   117.5000       30.00000       3.822502    
   117.5000       30.50000       3.814061    
   117.5000       31.00000       3.836667    
   117.5000       31.50000       3.869653    
   117.5000       32.00000       3.874119    
   117.5000       32.50000       3.873187    
   117.5000       33.00000       3.883953    
   117.5000       33.50000       3.872363    
   117.5000       34.00000       3.843944    
   117.5000       34.50000       3.837272    
   117.5000       35.00000       3.856970    
   117.5000       35.50000       3.883314    
   118.0000       26.50000       3.806205    
   118.0000       27.00000       3.836457    
   118.0000       27.50000       3.881447    
   118.0000       28.00000       3.886059    
   118.0000       28.50000       3.851230    
   118.0000       29.00000       3.829533    
   118.0000       29.50000       3.834234    
   118.0000       30.00000       3.831089    
   118.0000       30.50000       3.821733    
   118.0000       31.00000       3.838398    
   118.0000       31.50000       3.866720    
   118.0000       32.00000       3.867720    
   118.0000       32.50000       3.864116    
   118.0000       33.00000       3.877150    
   118.0000       33.50000       3.873304    
   118.0000       34.00000       3.859963    
   118.0000       34.50000       3.876702    
   118.0000       35.00000       3.919046    
   118.0000       35.50000       3.949816    
   118.5000       26.50000       3.858677    
   118.5000       27.00000       3.888948    
   118.5000       27.50000       3.902682    
   118.5000       28.00000       3.878444    
   118.5000       28.50000       3.834885    
   118.5000       29.00000       3.810827    
   118.5000       29.50000       3.808958    
   118.5000       30.00000       3.809002    
   118.5000       30.50000       3.809422    
   118.5000       31.00000       3.826564    
   118.5000       31.50000       3.842176    
   118.5000       32.00000       3.828194    
   118.5000       32.50000       3.812209    
   118.5000       33.00000       3.828285    
   118.5000       33.50000       3.850791    
   118.5000       34.00000       3.873168    
   118.5000       34.50000       3.919033    
   118.5000       35.00000       3.974803    
   118.5000       35.50000       3.997664    
   119.0000       26.50000       3.873880    
   119.0000       27.00000       3.902979    
   119.0000       27.50000       3.884371    
   119.0000       28.00000       3.846077    
   119.0000       28.50000       3.823524    
   119.0000       29.00000       3.819493    
   119.0000       29.50000       3.811838    
   119.0000       30.00000       3.810272    
   119.0000       30.50000       3.821179    
   119.0000       31.00000       3.835843    
   119.0000       31.50000       3.831192    
   119.0000       32.00000       3.797285    
   119.0000       32.50000       3.769744    
   119.0000       33.00000       3.788562    
   119.0000       33.50000       3.826177    
   119.0000       34.00000       3.862686    
   119.0000       34.50000       3.915451    
   119.0000       35.00000       3.972072    
   119.0000       35.50000       3.992176    
   119.5000       26.50000       3.860602    
   119.5000       27.00000       3.889637    
   119.5000       27.50000       3.855294    
   119.5000       28.00000       3.821686    
   119.5000       28.50000       3.831892    
   119.5000       29.00000       3.853783    
   119.5000       29.50000       3.845598    
   119.5000       30.00000       3.840809    
   119.5000       30.50000       3.852051    
   119.5000       31.00000       3.852539    
   119.5000       31.50000       3.825743    
   119.5000       32.00000       3.783406    
   119.5000       32.50000       3.757944    
   119.5000       33.00000       3.776790    
   119.5000       33.50000       3.804532    
   119.5000       34.00000       3.820023    
   119.5000       34.50000       3.851485    
   119.5000       35.00000       3.898611    
   119.5000       35.50000       3.925458    
   120.0000       26.50000       3.876375    
   120.0000       27.00000       3.890431    
   120.0000       27.50000       3.856723    
   120.0000       28.00000       3.842446    
   120.0000       28.50000       3.867023    
   120.0000       29.00000       3.882329    
   120.0000       29.50000       3.861649    
   120.0000       30.00000       3.849854    
   120.0000       30.50000       3.857985    
   120.0000       31.00000       3.848873    
   120.0000       31.50000       3.812773    
   120.0000       32.00000       3.779973    
   120.0000       32.50000       3.764939    
   120.0000       33.00000       3.771229    
   120.0000       33.50000       3.770242    
   120.0000       34.00000       3.755630    
   120.0000       34.50000       3.763766    
   120.0000       35.00000       3.798299    
   120.0000       35.50000       3.828044    
   120.5000       26.50000       3.909181    
   120.5000       27.00000       3.879916    
   120.5000       27.50000       3.850872    
   120.5000       28.00000       3.861978    
   120.5000       28.50000       3.889024    
   120.5000       29.00000       3.887023    
   120.5000       29.50000       3.856324    
   120.5000       30.00000       3.838062    
   120.5000       30.50000       3.849047    
   120.5000       31.00000       3.846392    
   120.5000       31.50000       3.814239    
   120.5000       32.00000       3.795925    
   120.5000       32.50000       3.784458    
   120.5000       33.00000       3.763892    
   120.5000       33.50000       3.730032    
   120.5000       34.00000       3.700501    
   120.5000       34.50000       3.707165    
   120.5000       35.00000       3.739705    
   120.5000       35.50000       3.766048    
   121.0000       26.50000       3.917931    
   121.0000       27.00000       3.841802    
   121.0000       27.50000       3.806783    
   121.0000       28.00000       3.823607    
   121.0000       28.50000       3.849236    
   121.0000       29.00000       3.855968    
   121.0000       29.50000       3.847042    
   121.0000       30.00000       3.841671    
   121.0000       30.50000       3.865914    
   121.0000       31.00000       3.873256    
   121.0000       31.50000       3.839826    
   121.0000       32.00000       3.822162    
   121.0000       32.50000       3.807980    
   121.0000       33.00000       3.771905    
   121.0000       33.50000       3.723095    
   121.0000       34.00000       3.692036    
   121.0000       34.50000       3.707702    
   121.0000       35.00000       3.750193    
   121.0000       35.50000       3.780854    
   121.5000       26.50000       3.906791    
   121.5000       27.00000       3.824411    
   121.5000       27.50000       3.782189    
   121.5000       28.00000       3.779139    
   121.5000       28.50000       3.789645    
   121.5000       29.00000       3.807408    
   121.5000       29.50000       3.828390    
   121.5000       30.00000       3.848762    
   121.5000       30.50000       3.887503    
   121.5000       31.00000       3.900581    
   121.5000       31.50000       3.865109    
   121.5000       32.00000       3.837974    
   121.5000       32.50000       3.823199    
   121.5000       33.00000       3.802302    
   121.5000       33.50000       3.770491    
   121.5000       34.00000       3.741091    
   121.5000       34.50000       3.747056    
   121.5000       35.00000       3.784925    
   121.5000       35.50000       3.822534    
   122.0000       26.50000       3.890934    
   122.0000       27.00000       3.843747    
   122.0000       27.50000       3.808627    
   122.0000       28.00000       3.789370    
   122.0000       28.50000       3.781064    
   122.0000       29.00000       3.781874    
   122.0000       29.50000       3.796438    
   122.0000       30.00000       3.822020    
   122.0000       30.50000       3.857667    
   122.0000       31.00000       3.876215    
   122.0000       31.50000       3.862254    
   122.0000       32.00000       3.842617    
   122.0000       32.50000       3.835757    
   122.0000       33.00000       3.844157    
   122.0000       33.50000       3.846536    
   122.0000       34.00000       3.822356    
   122.0000       34.50000       3.798803    
   122.0000       35.00000       3.797251    
   122.0000       35.50000       3.814950    
   122.5000       26.50000       3.873169    
   122.5000       27.00000       3.851552    
   122.5000       27.50000       3.828401    
   122.5000       28.00000       3.820378    
   122.5000       28.50000       3.817858    
   122.5000       29.00000       3.796177    
   122.5000       29.50000       3.776243    
   122.5000       30.00000       3.782735    
   122.5000       30.50000       3.797482    
   122.5000       31.00000       3.813208    
   122.5000       31.50000       3.829581    
   122.5000       32.00000       3.836066    
   122.5000       32.50000       3.846595    
   122.5000       33.00000       3.875528    
   122.5000       33.50000       3.903368    
   122.5000       34.00000       3.894714    
   122.5000       34.50000       3.855299    
   122.5000       35.00000       3.806563    
   122.5000       35.50000       3.774937    
   123.0000       26.50000       3.871998    
   123.0000       27.00000       3.840977    
   123.0000       27.50000       3.821250    
   123.0000       28.00000       3.835922    
   123.0000       28.50000       3.855559    
   123.0000       29.00000       3.830277    
   123.0000       29.50000       3.788594    
   123.0000       30.00000       3.781846    
   123.0000       30.50000       3.776670    
   123.0000       31.00000       3.772593    
   123.0000       31.50000       3.792988    
   123.0000       32.00000       3.815425    
   123.0000       32.50000       3.842175    
   123.0000       33.00000       3.880710    
   123.0000       33.50000       3.918525    
   123.0000       34.00000       3.930528    
   123.0000       34.50000       3.906618    
   123.0000       35.00000       3.847752    
   123.0000       35.50000       3.780947    
