   115.0000       26.50000       3.584243    
   115.0000       27.00000       3.624872    
   115.0000       27.50000       3.649363    
   115.0000       28.00000       3.675689    
   115.0000       28.50000       3.702302    
   115.0000       29.00000       3.707738    
   115.0000       29.50000       3.700043    
   115.0000       30.00000       3.688400    
   115.0000       30.50000       3.656873    
   115.0000       31.00000       3.635002    
   115.0000       31.50000       3.667212    
   115.0000       32.00000       3.732131    
   115.0000       32.50000       3.807636    
   115.0000       33.00000       3.859389    
   115.0000       33.50000       3.819298    
   115.0000       34.00000       3.728229    
   115.0000       34.50000       3.678083    
   115.0000       35.00000       3.666407    
   115.0000       35.50000       3.679456    
   115.5000       26.50000       3.574200    
   115.5000       27.00000       3.646157    
   115.5000       27.50000       3.684313    
   115.5000       28.00000       3.703794    
   115.5000       28.50000       3.729854    
   115.5000       29.00000       3.744577    
   115.5000       29.50000       3.734172    
   115.5000       30.00000       3.707950    
   115.5000       30.50000       3.661375    
   115.5000       31.00000       3.616296    
   115.5000       31.50000       3.621650    
   115.5000       32.00000       3.683134    
   115.5000       32.50000       3.779061    
   115.5000       33.00000       3.845399    
   115.5000       33.50000       3.805531    
   115.5000       34.00000       3.714295    
   115.5000       34.50000       3.669114    
   115.5000       35.00000       3.671202    
   115.5000       35.50000       3.701731    
   116.0000       26.50000       3.605977    
   116.0000       27.00000       3.677413    
   116.0000       27.50000       3.718932    
   116.0000       28.00000       3.726769    
   116.0000       28.50000       3.742858    
   116.0000       29.00000       3.762128    
   116.0000       29.50000       3.748704    
   116.0000       30.00000       3.709121    
   116.0000       30.50000       3.653950    
   116.0000       31.00000       3.602212    
   116.0000       31.50000       3.599088    
   116.0000       32.00000       3.655815    
   116.0000       32.50000       3.746885    
   116.0000       33.00000       3.806653    
   116.0000       33.50000       3.771837    
   116.0000       34.00000       3.698137    
   116.0000       34.50000       3.669335    
   116.0000       35.00000       3.684775    
   116.0000       35.50000       3.720546    
   116.5000       26.50000       3.637248    
   116.5000       27.00000       3.684102    
   116.5000       27.50000       3.718581    
   116.5000       28.00000       3.715584    
   116.5000       28.50000       3.720579    
   116.5000       29.00000       3.746856    
   116.5000       29.50000       3.744474    
   116.5000       30.00000       3.709764    
   116.5000       30.50000       3.664121    
   116.5000       31.00000       3.624804    
   116.5000       31.50000       3.623769    
   116.5000       32.00000       3.665246    
   116.5000       32.50000       3.724094    
   116.5000       33.00000       3.759768    
   116.5000       33.50000       3.735352    
   116.5000       34.00000       3.687842    
   116.5000       34.50000       3.670682    
   116.5000       35.00000       3.686744    
   116.5000       35.50000       3.717985    
   117.0000       26.50000       3.635887    
   117.0000       27.00000       3.669509    
   117.0000       27.50000       3.704086    
   117.0000       28.00000       3.696034    
   117.0000       28.50000       3.690465    
   117.0000       29.00000       3.724567    
   117.0000       29.50000       3.745517    
   117.0000       30.00000       3.732388    
   117.0000       30.50000       3.709069    
   117.0000       31.00000       3.691903    
   117.0000       31.50000       3.693516    
   117.0000       32.00000       3.704528    
   117.0000       32.50000       3.715671    
   117.0000       33.00000       3.726613    
   117.0000       33.50000       3.713974    
   117.0000       34.00000       3.681004    
   117.0000       34.50000       3.658864    
   117.0000       35.00000       3.665283    
   117.0000       35.50000       3.691480    
   117.5000       26.50000       3.621279    
   117.5000       27.00000       3.664348    
   117.5000       27.50000       3.710407    
   117.5000       28.00000       3.702040    
   117.5000       28.50000       3.686602    
   117.5000       29.00000       3.721210    
   117.5000       29.50000       3.754436    
   117.5000       30.00000       3.753921    
   117.5000       30.50000       3.745109    
   117.5000       31.00000       3.749159    
   117.5000       31.50000       3.757211    
   117.5000       32.00000       3.738551    
   117.5000       32.50000       3.712052    
   117.5000       33.00000       3.713583    
   117.5000       33.50000       3.707938    
   117.5000       34.00000       3.669028    
   117.5000       34.50000       3.631852    
   117.5000       35.00000       3.629801    
   117.5000       35.50000       3.653730    
   118.0000       26.50000       3.629047    
   118.0000       27.00000       3.685084    
   118.0000       27.50000       3.733223    
   118.0000       28.00000       3.717619    
   118.0000       28.50000       3.694729    
   118.0000       29.00000       3.725020    
   118.0000       29.50000       3.752455    
   118.0000       30.00000       3.742835    
   118.0000       30.50000       3.728974    
   118.0000       31.00000       3.745942    
   118.0000       31.50000       3.767429    
   118.0000       32.00000       3.739057    
   118.0000       32.50000       3.701489    
   118.0000       33.00000       3.707291    
   118.0000       33.50000       3.700186    
   118.0000       34.00000       3.645627    
   118.0000       34.50000       3.598452    
   118.0000       35.00000       3.596953    
   118.0000       35.50000       3.621697    
   118.5000       26.50000       3.658828    
   118.5000       27.00000       3.717438    
   118.5000       27.50000       3.752282    
   118.5000       28.00000       3.722337    
   118.5000       28.50000       3.690433    
   118.5000       29.00000       3.715264    
   118.5000       29.50000       3.740774    
   118.5000       30.00000       3.719063    
   118.5000       30.50000       3.685326    
   118.5000       31.00000       3.704389    
   118.5000       31.50000       3.743453    
   118.5000       32.00000       3.724033    
   118.5000       32.50000       3.688382    
   118.5000       33.00000       3.692774    
   118.5000       33.50000       3.677052    
   118.5000       34.00000       3.615824    
   118.5000       34.50000       3.573830    
   118.5000       35.00000       3.581132    
   118.5000       35.50000       3.608594    
   119.0000       26.50000       3.676444    
   119.0000       27.00000       3.735477    
   119.0000       27.50000       3.762684    
   119.0000       28.00000       3.726681    
   119.0000       28.50000       3.683577    
   119.0000       29.00000       3.701310    
   119.0000       29.50000       3.740663    
   119.0000       30.00000       3.719488    
   119.0000       30.50000       3.661114    
   119.0000       31.00000       3.671008    
   119.0000       31.50000       3.727526    
   119.0000       32.00000       3.726410    
   119.0000       32.50000       3.687200    
   119.0000       33.00000       3.672315    
   119.0000       33.50000       3.647353    
   119.0000       34.00000       3.598610    
   119.0000       34.50000       3.576784    
   119.0000       35.00000       3.594764    
   119.0000       35.50000       3.621570    
   119.5000       26.50000       3.665081    
   119.5000       27.00000       3.716378    
   119.5000       27.50000       3.749768    
   119.5000       28.00000       3.733884    
   119.5000       28.50000       3.697822    
   119.5000       29.00000       3.709529    
   119.5000       29.50000       3.755430    
   119.5000       30.00000       3.735771    
   119.5000       30.50000       3.660579    
   119.5000       31.00000       3.655917    
   119.5000       31.50000       3.721989    
   119.5000       32.00000       3.741996    
   119.5000       32.50000       3.702895    
   119.5000       33.00000       3.669421    
   119.5000       33.50000       3.641639    
   119.5000       34.00000       3.612137    
   119.5000       34.50000       3.609650    
   119.5000       35.00000       3.634688    
   119.5000       35.50000       3.658824    
   120.0000       26.50000       3.646126    
   120.0000       27.00000       3.662316    
   120.0000       27.50000       3.705770    
   120.0000       28.00000       3.737500    
   120.0000       28.50000       3.736495    
   120.0000       29.00000       3.744705    
   120.0000       29.50000       3.770454    
   120.0000       30.00000       3.739535    
   120.0000       30.50000       3.665823    
   120.0000       31.00000       3.655770    
   120.0000       31.50000       3.714552    
   120.0000       32.00000       3.745166    
   120.0000       32.50000       3.726956    
   120.0000       33.00000       3.701568    
   120.0000       33.50000       3.673593    
   120.0000       34.00000       3.644424    
   120.0000       34.50000       3.643143    
   120.0000       35.00000       3.673673    
   120.0000       35.50000       3.705070    
   120.5000       26.50000       3.649921    
   120.5000       27.00000       3.624586    
   120.5000       27.50000       3.671713    
   120.5000       28.00000       3.738893    
   120.5000       28.50000       3.768518    
   120.5000       29.00000       3.779506    
   120.5000       29.50000       3.783643    
   120.5000       30.00000       3.740655    
   120.5000       30.50000       3.687407    
   120.5000       31.00000       3.685915    
   120.5000       31.50000       3.717783    
   120.5000       32.00000       3.737283    
   120.5000       32.50000       3.749441    
   120.5000       33.00000       3.746826    
   120.5000       33.50000       3.707517    
   120.5000       34.00000       3.653433    
   120.5000       34.50000       3.638810    
   120.5000       35.00000       3.678711    
   120.5000       35.50000       3.732490    
   121.0000       26.50000       3.684829    
   121.0000       27.00000       3.648474    
   121.0000       27.50000       3.684239    
   121.0000       28.00000       3.739385    
   121.0000       28.50000       3.766306    
   121.0000       29.00000       3.780396    
   121.0000       29.50000       3.780396    
   121.0000       30.00000       3.744803    
   121.0000       30.50000       3.729202    
   121.0000       31.00000       3.743792    
   121.0000       31.50000       3.742265    
   121.0000       32.00000       3.738497    
   121.0000       32.50000       3.762763    
   121.0000       33.00000       3.762515    
   121.0000       33.50000       3.698771    
   121.0000       34.00000       3.617271    
   121.0000       34.50000       3.590565    
   121.0000       35.00000       3.638232    
   121.0000       35.50000       3.715636    
   121.5000       26.50000       3.715367    
   121.5000       27.00000       3.711999    
   121.5000       27.50000       3.745862    
   121.5000       28.00000       3.771340    
   121.5000       28.50000       3.765574    
   121.5000       29.00000       3.753309    
   121.5000       29.50000       3.738538    
   121.5000       30.00000       3.722819    
   121.5000       30.50000       3.746761    
   121.5000       31.00000       3.770077    
   121.5000       31.50000       3.747052    
   121.5000       32.00000       3.731610    
   121.5000       32.50000       3.750097    
   121.5000       33.00000       3.731385    
   121.5000       33.50000       3.649596    
   121.5000       34.00000       3.564309    
   121.5000       34.50000       3.535928    
   121.5000       35.00000       3.576321    
   121.5000       35.50000       3.655557    
   122.0000       26.50000       3.711632    
   122.0000       27.00000       3.761674    
   122.0000       27.50000       3.821126    
   122.0000       28.00000       3.840645    
   122.0000       28.50000       3.804018    
   122.0000       29.00000       3.747860    
   122.0000       29.50000       3.701224    
   122.0000       30.00000       3.693202    
   122.0000       30.50000       3.732480    
   122.0000       31.00000       3.747018    
   122.0000       31.50000       3.713443    
   122.0000       32.00000       3.701265    
   122.0000       32.50000       3.714110    
   122.0000       33.00000       3.680171    
   122.0000       33.50000       3.599139    
   122.0000       34.00000       3.533830    
   122.0000       34.50000       3.513585    
   122.0000       35.00000       3.534072    
   122.0000       35.50000       3.587517    
   122.5000       26.50000       3.700866    
   122.5000       27.00000       3.777021    
   122.5000       27.50000       3.848449    
   122.5000       28.00000       3.873937    
   122.5000       28.50000       3.836977    
   122.5000       29.00000       3.768357    
   122.5000       29.50000       3.706621    
   122.5000       30.00000       3.698782    
   122.5000       30.50000       3.740395    
   122.5000       31.00000       3.745643    
   122.5000       31.50000       3.700291    
   122.5000       32.00000       3.683713    
   122.5000       32.50000       3.691563    
   122.5000       33.00000       3.653608    
   122.5000       33.50000       3.584110    
   122.5000       34.00000       3.541222    
   122.5000       34.50000       3.530192    
   122.5000       35.00000       3.535315    
   122.5000       35.50000       3.557343    
   123.0000       26.50000       3.701457    
   123.0000       27.00000       3.772671    
   123.0000       27.50000       3.829134    
   123.0000       28.00000       3.854424    
   123.0000       28.50000       3.832176    
   123.0000       29.00000       3.769310    
   123.0000       29.50000       3.707628    
   123.0000       30.00000       3.712699    
   123.0000       30.50000       3.774266    
   123.0000       31.00000       3.790453    
   123.0000       31.50000       3.737309    
   123.0000       32.00000       3.701467    
   123.0000       32.50000       3.698771    
   123.0000       33.00000       3.669117    
   123.0000       33.50000       3.620291    
   123.0000       34.00000       3.589401    
   123.0000       34.50000       3.576033    
   123.0000       35.00000       3.575114    
   123.0000       35.50000       3.583979    
