   115.0000       26.50000       3.910781    
   115.0000       27.00000       3.900573    
   115.0000       27.50000       3.884811    
   115.0000       28.00000       3.875752    
   115.0000       28.50000       3.888075    
   115.0000       29.00000       3.909501    
   115.0000       29.50000       3.924722    
   115.0000       30.00000       3.939255    
   115.0000       30.50000       3.952666    
   115.0000       31.00000       3.946422    
   115.0000       31.50000       3.918115    
   115.0000       32.00000       3.901091    
   115.0000       32.50000       3.910288    
   115.0000       33.00000       3.925260    
   115.0000       33.50000       3.936311    
   115.0000       34.00000       3.945750    
   115.0000       34.50000       3.935425    
   115.0000       35.00000       3.895297    
   115.0000       35.50000       3.862731    
   115.5000       26.50000       3.918434    
   115.5000       27.00000       3.907471    
   115.5000       27.50000       3.887063    
   115.5000       28.00000       3.877438    
   115.5000       28.50000       3.890908    
   115.5000       29.00000       3.914575    
   115.5000       29.50000       3.933818    
   115.5000       30.00000       3.949288    
   115.5000       30.50000       3.956132    
   115.5000       31.00000       3.938619    
   115.5000       31.50000       3.898281    
   115.5000       32.00000       3.870990    
   115.5000       32.50000       3.882647    
   115.5000       33.00000       3.916479    
   115.5000       33.50000       3.943352    
   115.5000       34.00000       3.950729    
   115.5000       34.50000       3.934962    
   115.5000       35.00000       3.903822    
   115.5000       35.50000       3.882715    
   116.0000       26.50000       3.919398    
   116.0000       27.00000       3.911894    
   116.0000       27.50000       3.892556    
   116.0000       28.00000       3.885587    
   116.0000       28.50000       3.894358    
   116.0000       29.00000       3.909404    
   116.0000       29.50000       3.927877    
   116.0000       30.00000       3.946002    
   116.0000       30.50000       3.946442    
   116.0000       31.00000       3.915522    
   116.0000       31.50000       3.865349    
   116.0000       32.00000       3.832694    
   116.0000       32.50000       3.850950    
   116.0000       33.00000       3.907160    
   116.0000       33.50000       3.954700    
   116.0000       34.00000       3.967217    
   116.0000       34.50000       3.951478    
   116.0000       35.00000       3.924877    
   116.0000       35.50000       3.901210    
   116.5000       26.50000       3.914955    
   116.5000       27.00000       3.913563    
   116.5000       27.50000       3.898258    
   116.5000       28.00000       3.895136    
   116.5000       28.50000       3.895243    
   116.5000       29.00000       3.895400    
   116.5000       29.50000       3.914254    
   116.5000       30.00000       3.941072    
   116.5000       30.50000       3.939317    
   116.5000       31.00000       3.901480    
   116.5000       31.50000       3.847027    
   116.5000       32.00000       3.807848    
   116.5000       32.50000       3.827855    
   116.5000       33.00000       3.898976    
   116.5000       33.50000       3.957953    
   116.5000       34.00000       3.969655    
   116.5000       34.50000       3.952373    
   116.5000       35.00000       3.927672    
   116.5000       35.50000       3.899299    
   117.0000       26.50000       3.911984    
   117.0000       27.00000       3.919320    
   117.0000       27.50000       3.907411    
   117.0000       28.00000       3.905322    
   117.0000       28.50000       3.894702    
   117.0000       29.00000       3.877717    
   117.0000       29.50000       3.893753    
   117.0000       30.00000       3.928652    
   117.0000       30.50000       3.932380    
   117.0000       31.00000       3.902333    
   117.0000       31.50000       3.855973    
   117.0000       32.00000       3.817730    
   117.0000       32.50000       3.839374    
   117.0000       33.00000       3.911343    
   117.0000       33.50000       3.957825    
   117.0000       34.00000       3.948883    
   117.0000       34.50000       3.920532    
   117.0000       35.00000       3.895575    
   117.0000       35.50000       3.869836    
   117.5000       26.50000       3.907121    
   117.5000       27.00000       3.923481    
   117.5000       27.50000       3.918759    
   117.5000       28.00000       3.921543    
   117.5000       28.50000       3.905941    
   117.5000       29.00000       3.872079    
   117.5000       29.50000       3.871925    
   117.5000       30.00000       3.902982    
   117.5000       30.50000       3.916204    
   117.5000       31.00000       3.902271    
   117.5000       31.50000       3.871068    
   117.5000       32.00000       3.849457    
   117.5000       32.50000       3.884925    
   117.5000       33.00000       3.949914    
   117.5000       33.50000       3.964202    
   117.5000       34.00000       3.920701    
   117.5000       34.50000       3.874943    
   117.5000       35.00000       3.847097    
   117.5000       35.50000       3.829794    
   118.0000       26.50000       3.899902    
   118.0000       27.00000       3.919974    
   118.0000       27.50000       3.925851    
   118.0000       28.00000       3.942971    
   118.0000       28.50000       3.936333    
   118.0000       29.00000       3.890531    
   118.0000       29.50000       3.862557    
   118.0000       30.00000       3.877668    
   118.0000       30.50000       3.897636    
   118.0000       31.00000       3.893758    
   118.0000       31.50000       3.869556    
   118.0000       32.00000       3.868519    
   118.0000       32.50000       3.924621    
   118.0000       33.00000       3.981262    
   118.0000       33.50000       3.965179    
   118.0000       34.00000       3.898986    
   118.0000       34.50000       3.844772    
   118.0000       35.00000       3.815231    
   118.0000       35.50000       3.807390    
   118.5000       26.50000       3.897850    
   118.5000       27.00000       3.912320    
   118.5000       27.50000       3.919481    
   118.5000       28.00000       3.946282    
   118.5000       28.50000       3.954895    
   118.5000       29.00000       3.908517    
   118.5000       29.50000       3.860061    
   118.5000       30.00000       3.861917    
   118.5000       30.50000       3.886370    
   118.5000       31.00000       3.886408    
   118.5000       31.50000       3.858615    
   118.5000       32.00000       3.859715    
   118.5000       32.50000       3.918382    
   118.5000       33.00000       3.964873    
   118.5000       33.50000       3.940046    
   118.5000       34.00000       3.882380    
   118.5000       34.50000       3.840118    
   118.5000       35.00000       3.817378    
   118.5000       35.50000       3.819105    
   119.0000       26.50000       3.904764    
   119.0000       27.00000       3.910390    
   119.0000       27.50000       3.905135    
   119.0000       28.00000       3.921467    
   119.0000       28.50000       3.936978    
   119.0000       29.00000       3.906719    
   119.0000       29.50000       3.862886    
   119.0000       30.00000       3.860815    
   119.0000       30.50000       3.882529    
   119.0000       31.00000       3.884181    
   119.0000       31.50000       3.853973    
   119.0000       32.00000       3.837259    
   119.0000       32.50000       3.869950    
   119.0000       33.00000       3.905137    
   119.0000       33.50000       3.897243    
   119.0000       34.00000       3.873453    
   119.0000       34.50000       3.857428    
   119.0000       35.00000       3.849742    
   119.0000       35.50000       3.859915    
   119.5000       26.50000       3.923163    
   119.5000       27.00000       3.926049    
   119.5000       27.50000       3.904178    
   119.5000       28.00000       3.895905    
   119.5000       28.50000       3.907884    
   119.5000       29.00000       3.904780    
   119.5000       29.50000       3.886610    
   119.5000       30.00000       3.882628    
   119.5000       30.50000       3.884606    
   119.5000       31.00000       3.879869    
   119.5000       31.50000       3.857143    
   119.5000       32.00000       3.825387    
   119.5000       32.50000       3.823554    
   119.5000       33.00000       3.849821    
   119.5000       33.50000       3.871272    
   119.5000       34.00000       3.885111    
   119.5000       34.50000       3.892970    
   119.5000       35.00000       3.898179    
   119.5000       35.50000       3.911134    
   120.0000       26.50000       3.940886    
   120.0000       27.00000       3.943888    
   120.0000       27.50000       3.910846    
   120.0000       28.00000       3.884731    
   120.0000       28.50000       3.889608    
   120.0000       29.00000       3.902625    
   120.0000       29.50000       3.909323    
   120.0000       30.00000       3.910057    
   120.0000       30.50000       3.894184    
   120.0000       31.00000       3.877877    
   120.0000       31.50000       3.863567    
   120.0000       32.00000       3.827780    
   120.0000       32.50000       3.800164    
   120.0000       33.00000       3.818618    
   120.0000       33.50000       3.865404    
   120.0000       34.00000       3.908219    
   120.0000       34.50000       3.932384    
   120.0000       35.00000       3.943169    
   120.0000       35.50000       3.950985    
   120.5000       26.50000       3.940733    
   120.5000       27.00000       3.940497    
   120.5000       27.50000       3.909391    
   120.5000       28.00000       3.883250    
   120.5000       28.50000       3.878057    
   120.5000       29.00000       3.879322    
   120.5000       29.50000       3.892743    
   120.5000       30.00000       3.916835    
   120.5000       30.50000       3.918044    
   120.5000       31.00000       3.899389    
   120.5000       31.50000       3.878852    
   120.5000       32.00000       3.836564    
   120.5000       32.50000       3.789455    
   120.5000       33.00000       3.793253    
   120.5000       33.50000       3.848929    
   120.5000       34.00000       3.909528    
   120.5000       34.50000       3.947081    
   120.5000       35.00000       3.961663    
   120.5000       35.50000       3.962009    
   121.0000       26.50000       3.927983    
   121.0000       27.00000       3.923261    
   121.0000       27.50000       3.904450    
   121.0000       28.00000       3.887385    
   121.0000       28.50000       3.872010    
   121.0000       29.00000       3.848773    
   121.0000       29.50000       3.850185    
   121.0000       30.00000       3.899614    
   121.0000       30.50000       3.942760    
   121.0000       31.00000       3.937742    
   121.0000       31.50000       3.905070    
   121.0000       32.00000       3.854690    
   121.0000       32.50000       3.797136    
   121.0000       33.00000       3.779581    
   121.0000       33.50000       3.820524    
   121.0000       34.00000       3.879931    
   121.0000       34.50000       3.922437    
   121.0000       35.00000       3.941624    
   121.0000       35.50000       3.940825    
   121.5000       26.50000       3.909380    
   121.5000       27.00000       3.900163    
   121.5000       27.50000       3.893727    
   121.5000       28.00000       3.889625    
   121.5000       28.50000       3.878377    
   121.5000       29.00000       3.847992    
   121.5000       29.50000       3.830098    
   121.5000       30.00000       3.872883    
   121.5000       30.50000       3.937309    
   121.5000       31.00000       3.951235    
   121.5000       31.50000       3.916712    
   121.5000       32.00000       3.866410    
   121.5000       32.50000       3.817983    
   121.5000       33.00000       3.792643    
   121.5000       33.50000       3.810744    
   121.5000       34.00000       3.850502    
   121.5000       34.50000       3.880632    
   121.5000       35.00000       3.898583    
   121.5000       35.50000       3.902843    
   122.0000       26.50000       3.894263    
   122.0000       27.00000       3.882335    
   122.0000       27.50000       3.879217    
   122.0000       28.00000       3.883757    
   122.0000       28.50000       3.887345    
   122.0000       29.00000       3.871694    
   122.0000       29.50000       3.841271    
   122.0000       30.00000       3.846188    
   122.0000       30.50000       3.895919    
   122.0000       31.00000       3.925829    
   122.0000       31.50000       3.899902    
   122.0000       32.00000       3.853395    
   122.0000       32.50000       3.828287    
   122.0000       33.00000       3.821265    
   122.0000       33.50000       3.834215    
   122.0000       34.00000       3.854815    
   122.0000       34.50000       3.861005    
   122.0000       35.00000       3.866113    
   122.0000       35.50000       3.872228    
   122.5000       26.50000       3.896682    
   122.5000       27.00000       3.888800    
   122.5000       27.50000       3.875953    
   122.5000       28.00000       3.868446    
   122.5000       28.50000       3.875392    
   122.5000       29.00000       3.878863    
   122.5000       29.50000       3.852395    
   122.5000       30.00000       3.825144    
   122.5000       30.50000       3.849512    
   122.5000       31.00000       3.892609    
   122.5000       31.50000       3.882143    
   122.5000       32.00000       3.840736    
   122.5000       32.50000       3.835504    
   122.5000       33.00000       3.852831    
   122.5000       33.50000       3.876424    
   122.5000       34.00000       3.891419    
   122.5000       34.50000       3.876841    
   122.5000       35.00000       3.862365    
   122.5000       35.50000       3.862134    
   123.0000       26.50000       3.912455    
   123.0000       27.00000       3.910996    
   123.0000       27.50000       3.878807    
   123.0000       28.00000       3.843599    
   123.0000       28.50000       3.842925    
   123.0000       29.00000       3.863777    
   123.0000       29.50000       3.858617    
   123.0000       30.00000       3.827348    
   123.0000       30.50000       3.830676    
   123.0000       31.00000       3.873667    
   123.0000       31.50000       3.881677    
   123.0000       32.00000       3.855992    
   123.0000       32.50000       3.860560    
   123.0000       33.00000       3.883735    
   123.0000       33.50000       3.912760    
   123.0000       34.00000       3.930720    
   123.0000       34.50000       3.907215    
   123.0000       35.00000       3.877012    
   123.0000       35.50000       3.866410    
