   115.0000       26.50000       3.819328    
   115.0000       27.00000       3.847787    
   115.0000       27.50000       3.881736    
   115.0000       28.00000       3.899758    
   115.0000       28.50000       3.893702    
   115.0000       29.00000       3.886248    
   115.0000       29.50000       3.891779    
   115.0000       30.00000       3.906900    
   115.0000       30.50000       3.922605    
   115.0000       31.00000       3.922525    
   115.0000       31.50000       3.897410    
   115.0000       32.00000       3.865528    
   115.0000       32.50000       3.854298    
   115.0000       33.00000       3.859611    
   115.0000       33.50000       3.870025    
   115.0000       34.00000       3.877889    
   115.0000       34.50000       3.872279    
   115.0000       35.00000       3.850076    
   115.0000       35.50000       3.813731    
   115.5000       26.50000       3.802816    
   115.5000       27.00000       3.834524    
   115.5000       27.50000       3.879529    
   115.5000       28.00000       3.905956    
   115.5000       28.50000       3.904343    
   115.5000       29.00000       3.899318    
   115.5000       29.50000       3.895906    
   115.5000       30.00000       3.890218    
   115.5000       30.50000       3.881626    
   115.5000       31.00000       3.867463    
   115.5000       31.50000       3.841184    
   115.5000       32.00000       3.812535    
   115.5000       32.50000       3.812942    
   115.5000       33.00000       3.835804    
   115.5000       33.50000       3.852667    
   115.5000       34.00000       3.855301    
   115.5000       34.50000       3.846736    
   115.5000       35.00000       3.830843    
   115.5000       35.50000       3.805231    
   116.0000       26.50000       3.799352    
   116.0000       27.00000       3.828314    
   116.0000       27.50000       3.864917    
   116.0000       28.00000       3.885883    
   116.0000       28.50000       3.887147    
   116.0000       29.00000       3.880718    
   116.0000       29.50000       3.865195    
   116.0000       30.00000       3.851273    
   116.0000       30.50000       3.843590    
   116.0000       31.00000       3.834603    
   116.0000       31.50000       3.819628    
   116.0000       32.00000       3.802102    
   116.0000       32.50000       3.809611    
   116.0000       33.00000       3.833491    
   116.0000       33.50000       3.840080    
   116.0000       34.00000       3.834145    
   116.0000       34.50000       3.831452    
   116.0000       35.00000       3.828588    
   116.0000       35.50000       3.812504    
   116.5000       26.50000       3.809745    
   116.5000       27.00000       3.839267    
   116.5000       27.50000       3.861637    
   116.5000       28.00000       3.865155    
   116.5000       28.50000       3.861345    
   116.5000       29.00000       3.855496    
   116.5000       29.50000       3.836025    
   116.5000       30.00000       3.823028    
   116.5000       30.50000       3.825390    
   116.5000       31.00000       3.825063    
   116.5000       31.50000       3.822216    
   116.5000       32.00000       3.822206    
   116.5000       32.50000       3.841464    
   116.5000       33.00000       3.860714    
   116.5000       33.50000       3.849399    
   116.5000       34.00000       3.832712    
   116.5000       34.50000       3.834108    
   116.5000       35.00000       3.837158    
   116.5000       35.50000       3.823074    
   117.0000       26.50000       3.804873    
   117.0000       27.00000       3.848276    
   117.0000       27.50000       3.873211    
   117.0000       28.00000       3.861328    
   117.0000       28.50000       3.846243    
   117.0000       29.00000       3.847922    
   117.0000       29.50000       3.842903    
   117.0000       30.00000       3.836993    
   117.0000       30.50000       3.839977    
   117.0000       31.00000       3.834477    
   117.0000       31.50000       3.833789    
   117.0000       32.00000       3.852484    
   117.0000       32.50000       3.888482    
   117.0000       33.00000       3.905609    
   117.0000       33.50000       3.880319    
   117.0000       34.00000       3.853481    
   117.0000       34.50000       3.849870    
   117.0000       35.00000       3.846792    
   117.0000       35.50000       3.831498    
   117.5000       26.50000       3.799105    
   117.5000       27.00000       3.857803    
   117.5000       27.50000       3.895677    
   117.5000       28.00000       3.874072    
   117.5000       28.50000       3.844230    
   117.5000       29.00000       3.851262    
   117.5000       29.50000       3.865052    
   117.5000       30.00000       3.863437    
   117.5000       30.50000       3.853589    
   117.5000       31.00000       3.835782    
   117.5000       31.50000       3.841720    
   117.5000       32.00000       3.882072    
   117.5000       32.50000       3.928421    
   117.5000       33.00000       3.941160    
   117.5000       33.50000       3.910131    
   117.5000       34.00000       3.877683    
   117.5000       34.50000       3.864395    
   117.5000       35.00000       3.852713    
   117.5000       35.50000       3.842405    
   118.0000       26.50000       3.817852    
   118.0000       27.00000       3.875716    
   118.0000       27.50000       3.918285    
   118.0000       28.00000       3.894021    
   118.0000       28.50000       3.853101    
   118.0000       29.00000       3.849693    
   118.0000       29.50000       3.859344    
   118.0000       30.00000       3.850009    
   118.0000       30.50000       3.824183    
   118.0000       31.00000       3.804217    
   118.0000       31.50000       3.834445    
   118.0000       32.00000       3.896581    
   118.0000       32.50000       3.936192    
   118.0000       33.00000       3.936088    
   118.0000       33.50000       3.909616    
   118.0000       34.00000       3.884985    
   118.0000       34.50000       3.871314    
   118.0000       35.00000       3.860414    
   118.0000       35.50000       3.860438    
   118.5000       26.50000       3.839830    
   118.5000       27.00000       3.877782    
   118.5000       27.50000       3.908620    
   118.5000       28.00000       3.894975    
   118.5000       28.50000       3.865595    
   118.5000       29.00000       3.850455    
   118.5000       29.50000       3.836804    
   118.5000       30.00000       3.814979    
   118.5000       30.50000       3.786724    
   118.5000       31.00000       3.777595    
   118.5000       31.50000       3.825217    
   118.5000       32.00000       3.885134    
   118.5000       32.50000       3.897218    
   118.5000       33.00000       3.880426    
   118.5000       33.50000       3.870232    
   118.5000       34.00000       3.871583    
   118.5000       34.50000       3.875547    
   118.5000       35.00000       3.876311    
   118.5000       35.50000       3.880874    
   119.0000       26.50000       3.848911    
   119.0000       27.00000       3.861703    
   119.0000       27.50000       3.865490    
   119.0000       28.00000       3.865083    
   119.0000       28.50000       3.869022    
   119.0000       29.00000       3.866207    
   119.0000       29.50000       3.842992    
   119.0000       30.00000       3.819399    
   119.0000       30.50000       3.804519    
   119.0000       31.00000       3.805215    
   119.0000       31.50000       3.834222    
   119.0000       32.00000       3.853100    
   119.0000       32.50000       3.827684    
   119.0000       33.00000       3.803353    
   119.0000       33.50000       3.816179    
   119.0000       34.00000       3.848202    
   119.0000       34.50000       3.876095    
   119.0000       35.00000       3.889430    
   119.0000       35.50000       3.888790    
   119.5000       26.50000       3.860257    
   119.5000       27.00000       3.860730    
   119.5000       27.50000       3.836551    
   119.5000       28.00000       3.833588    
   119.5000       28.50000       3.861820    
   119.5000       29.00000       3.885489    
   119.5000       29.50000       3.875218    
   119.5000       30.00000       3.860790    
   119.5000       30.50000       3.859294    
   119.5000       31.00000       3.856248    
   119.5000       31.50000       3.846905    
   119.5000       32.00000       3.820707    
   119.5000       32.50000       3.773559    
   119.5000       33.00000       3.751570    
   119.5000       33.50000       3.777280    
   119.5000       34.00000       3.822477    
   119.5000       34.50000       3.860733    
   119.5000       35.00000       3.878625    
   119.5000       35.50000       3.872816    
   120.0000       26.50000       3.877749    
   120.0000       27.00000       3.873438    
   120.0000       27.50000       3.836938    
   120.0000       28.00000       3.825938    
   120.0000       28.50000       3.860414    
   120.0000       29.00000       3.897982    
   120.0000       29.50000       3.894413    
   120.0000       30.00000       3.882511    
   120.0000       30.50000       3.887472    
   120.0000       31.00000       3.877045    
   120.0000       31.50000       3.848674    
   120.0000       32.00000       3.815354    
   120.0000       32.50000       3.770906    
   120.0000       33.00000       3.743671    
   120.0000       33.50000       3.759404    
   120.0000       34.00000       3.797712    
   120.0000       34.50000       3.833210    
   120.0000       35.00000       3.852275    
   120.0000       35.50000       3.850691    
   120.5000       26.50000       3.895511    
   120.5000       27.00000       3.869140    
   120.5000       27.50000       3.829947    
   120.5000       28.00000       3.823049    
   120.5000       28.50000       3.860842    
   120.5000       29.00000       3.896701    
   120.5000       29.50000       3.882775    
   120.5000       30.00000       3.863038    
   120.5000       30.50000       3.877110    
   120.5000       31.00000       3.875835    
   120.5000       31.50000       3.855795    
   120.5000       32.00000       3.839615    
   120.5000       32.50000       3.801479    
   120.5000       33.00000       3.756899    
   120.5000       33.50000       3.753324    
   120.5000       34.00000       3.783053    
   120.5000       34.50000       3.819545    
   120.5000       35.00000       3.847517    
   120.5000       35.50000       3.858504    
   121.0000       26.50000       3.905323    
   121.0000       27.00000       3.846103    
   121.0000       27.50000       3.799657    
   121.0000       28.00000       3.797421    
   121.0000       28.50000       3.834715    
   121.0000       29.00000       3.865560    
   121.0000       29.50000       3.851505    
   121.0000       30.00000       3.840801    
   121.0000       30.50000       3.873119    
   121.0000       31.00000       3.886877    
   121.0000       31.50000       3.872139    
   121.0000       32.00000       3.861540    
   121.0000       32.50000       3.826095    
   121.0000       33.00000       3.775821    
   121.0000       33.50000       3.765290    
   121.0000       34.00000       3.790470    
   121.0000       34.50000       3.830102    
   121.0000       35.00000       3.869359    
   121.0000       35.50000       3.892438    
   121.5000       26.50000       3.905996    
   121.5000       27.00000       3.838102    
   121.5000       27.50000       3.782337    
   121.5000       28.00000       3.769160    
   121.5000       28.50000       3.793667    
   121.5000       29.00000       3.819205    
   121.5000       29.50000       3.822933    
   121.5000       30.00000       3.841055    
   121.5000       30.50000       3.886970    
   121.5000       31.00000       3.900198    
   121.5000       31.50000       3.877007    
   121.5000       32.00000       3.864033    
   121.5000       32.50000       3.847375    
   121.5000       33.00000       3.822748    
   121.5000       33.50000       3.818811    
   121.5000       34.00000       3.829834    
   121.5000       34.50000       3.852649    
   121.5000       35.00000       3.881472    
   121.5000       35.50000       3.901271    
   122.0000       26.50000       3.912219    
   122.0000       27.00000       3.860301    
   122.0000       27.50000       3.802053    
   122.0000       28.00000       3.777039    
   122.0000       28.50000       3.788507    
   122.0000       29.00000       3.802393    
   122.0000       29.50000       3.809721    
   122.0000       30.00000       3.835102    
   122.0000       30.50000       3.869382    
   122.0000       31.00000       3.875300    
   122.0000       31.50000       3.856625    
   122.0000       32.00000       3.855617    
   122.0000       32.50000       3.876789    
   122.0000       33.00000       3.896889    
   122.0000       33.50000       3.904115    
   122.0000       34.00000       3.893007    
   122.0000       34.50000       3.880004    
   122.0000       35.00000       3.870629    
   122.0000       35.50000       3.863208    
   122.5000       26.50000       3.927899    
   122.5000       27.00000       3.884415    
   122.5000       27.50000       3.831659    
   122.5000       28.00000       3.814433    
   122.5000       28.50000       3.830383    
   122.5000       29.00000       3.830623    
   122.5000       29.50000       3.815666    
   122.5000       30.00000       3.811832    
   122.5000       30.50000       3.813428    
   122.5000       31.00000       3.819961    
   122.5000       31.50000       3.824383    
   122.5000       32.00000       3.838669    
   122.5000       32.50000       3.887363    
   122.5000       33.00000       3.943517    
   122.5000       33.50000       3.965432    
   122.5000       34.00000       3.946396    
   122.5000       34.50000       3.909506    
   122.5000       35.00000       3.863311    
   122.5000       35.50000       3.820898    
   123.0000       26.50000       3.943825    
   123.0000       27.00000       3.890653    
   123.0000       27.50000       3.845886    
   123.0000       28.00000       3.846959    
   123.0000       28.50000       3.877276    
   123.0000       29.00000       3.874423    
   123.0000       29.50000       3.842877    
   123.0000       30.00000       3.811027    
   123.0000       30.50000       3.784492    
   123.0000       31.00000       3.793387    
   123.0000       31.50000       3.815068    
   123.0000       32.00000       3.825515    
   123.0000       32.50000       3.866899    
   123.0000       33.00000       3.931615    
   123.0000       33.50000       3.969986    
   123.0000       34.00000       3.965092    
   123.0000       34.50000       3.931389    
   123.0000       35.00000       3.875099    
   123.0000       35.50000       3.817133    
