   115.0000       26.50000       3.864210    
   115.0000       27.00000       3.891905    
   115.0000       27.50000       3.906401    
   115.0000       28.00000       3.886208    
   115.0000       28.50000       3.849720    
   115.0000       29.00000       3.844477    
   115.0000       29.50000       3.877819    
   115.0000       30.00000       3.912353    
   115.0000       30.50000       3.921033    
   115.0000       31.00000       3.910952    
   115.0000       31.50000       3.888945    
   115.0000       32.00000       3.867892    
   115.0000       32.50000       3.873075    
   115.0000       33.00000       3.897990    
   115.0000       33.50000       3.926394    
   115.0000       34.00000       3.944543    
   115.0000       34.50000       3.933840    
   115.0000       35.00000       3.901617    
   115.0000       35.50000       3.868997    
   115.5000       26.50000       3.867409    
   115.5000       27.00000       3.887794    
   115.5000       27.50000       3.897310    
   115.5000       28.00000       3.886672    
   115.5000       28.50000       3.872279    
   115.5000       29.00000       3.878364    
   115.5000       29.50000       3.902006    
   115.5000       30.00000       3.920996    
   115.5000       30.50000       3.914252    
   115.5000       31.00000       3.890392    
   115.5000       31.50000       3.863313    
   115.5000       32.00000       3.843667    
   115.5000       32.50000       3.859454    
   115.5000       33.00000       3.900134    
   115.5000       33.50000       3.929097    
   115.5000       34.00000       3.934124    
   115.5000       34.50000       3.913934    
   115.5000       35.00000       3.881266    
   115.5000       35.50000       3.851280    
   116.0000       26.50000       3.873640    
   116.0000       27.00000       3.890109    
   116.0000       27.50000       3.892408    
   116.0000       28.00000       3.880852    
   116.0000       28.50000       3.870703    
   116.0000       29.00000       3.871053    
   116.0000       29.50000       3.879962    
   116.0000       30.00000       3.891114    
   116.0000       30.50000       3.883572    
   116.0000       31.00000       3.861860    
   116.0000       31.50000       3.846636    
   116.0000       32.00000       3.840000    
   116.0000       32.50000       3.858949    
   116.0000       33.00000       3.900658    
   116.0000       33.50000       3.925689    
   116.0000       34.00000       3.920547    
   116.0000       34.50000       3.894979    
   116.0000       35.00000       3.863110    
   116.0000       35.50000       3.833709    
   116.5000       26.50000       3.882143    
   116.5000       27.00000       3.908781    
   116.5000       27.50000       3.909972    
   116.5000       28.00000       3.884470    
   116.5000       28.50000       3.858391    
   116.5000       29.00000       3.843337    
   116.5000       29.50000       3.840221    
   116.5000       30.00000       3.850844    
   116.5000       30.50000       3.852692    
   116.5000       31.00000       3.843879    
   116.5000       31.50000       3.848472    
   116.5000       32.00000       3.857664    
   116.5000       32.50000       3.872366    
   116.5000       33.00000       3.906293    
   116.5000       33.50000       3.929456    
   116.5000       34.00000       3.918226    
   116.5000       34.50000       3.885516    
   116.5000       35.00000       3.851234    
   116.5000       35.50000       3.823505    
   117.0000       26.50000       3.880928    
   117.0000       27.00000       3.922709    
   117.0000       27.50000       3.929666    
   117.0000       28.00000       3.892893    
   117.0000       28.50000       3.853267    
   117.0000       29.00000       3.832983    
   117.0000       29.50000       3.830646    
   117.0000       30.00000       3.843409    
   117.0000       30.50000       3.849180    
   117.0000       31.00000       3.849070    
   117.0000       31.50000       3.868258    
   117.0000       32.00000       3.886047    
   117.0000       32.50000       3.890454    
   117.0000       33.00000       3.913720    
   117.0000       33.50000       3.937456    
   117.0000       34.00000       3.922078    
   117.0000       34.50000       3.881629    
   117.0000       35.00000       3.847282    
   117.0000       35.50000       3.829699    
   117.5000       26.50000       3.879001    
   117.5000       27.00000       3.927336    
   117.5000       27.50000       3.942873    
   117.5000       28.00000       3.906240    
   117.5000       28.50000       3.863703    
   117.5000       29.00000       3.846214    
   117.5000       29.50000       3.848982    
   117.5000       30.00000       3.857535    
   117.5000       30.50000       3.854494    
   117.5000       31.00000       3.855390    
   117.5000       31.50000       3.882219    
   117.5000       32.00000       3.903465    
   117.5000       32.50000       3.899049    
   117.5000       33.00000       3.911861    
   117.5000       33.50000       3.933063    
   117.5000       34.00000       3.915407    
   117.5000       34.50000       3.875900    
   117.5000       35.00000       3.852451    
   117.5000       35.50000       3.854465    
   118.0000       26.50000       3.886402    
   118.0000       27.00000       3.928757    
   118.0000       27.50000       3.949112    
   118.0000       28.00000       3.918886    
   118.0000       28.50000       3.879609    
   118.0000       29.00000       3.863216    
   118.0000       29.50000       3.860157    
   118.0000       30.00000       3.852071    
   118.0000       30.50000       3.836242    
   118.0000       31.00000       3.836448    
   118.0000       31.50000       3.866078    
   118.0000       32.00000       3.893581    
   118.0000       32.50000       3.893167    
   118.0000       33.00000       3.898996    
   118.0000       33.50000       3.911836    
   118.0000       34.00000       3.897163    
   118.0000       34.50000       3.873098    
   118.0000       35.00000       3.868563    
   118.0000       35.50000       3.886418    
   118.5000       26.50000       3.899414    
   118.5000       27.00000       3.924157    
   118.5000       27.50000       3.934030    
   118.5000       28.00000       3.908924    
   118.5000       28.50000       3.884421    
   118.5000       29.00000       3.878432    
   118.5000       29.50000       3.863068    
   118.5000       30.00000       3.833002    
   118.5000       30.50000       3.812699    
   118.5000       31.00000       3.813138    
   118.5000       31.50000       3.835203    
   118.5000       32.00000       3.867697    
   118.5000       32.50000       3.883067    
   118.5000       33.00000       3.886929    
   118.5000       33.50000       3.889570    
   118.5000       34.00000       3.883625    
   118.5000       34.50000       3.881287    
   118.5000       35.00000       3.889434    
   118.5000       35.50000       3.904541    
   119.0000       26.50000       3.915220    
   119.0000       27.00000       3.919625    
   119.0000       27.50000       3.903929    
   119.0000       28.00000       3.876487    
   119.0000       28.50000       3.875761    
   119.0000       29.00000       3.896039    
   119.0000       29.50000       3.879089    
   119.0000       30.00000       3.837491    
   119.0000       30.50000       3.822194    
   119.0000       31.00000       3.821388    
   119.0000       31.50000       3.823701    
   119.0000       32.00000       3.847809    
   119.0000       32.50000       3.871384    
   119.0000       33.00000       3.873408    
   119.0000       33.50000       3.872144    
   119.0000       34.00000       3.879856    
   119.0000       34.50000       3.893441    
   119.0000       35.00000       3.901238    
   119.0000       35.50000       3.900221    
   119.5000       26.50000       3.934208    
   119.5000       27.00000       3.925383    
   119.5000       27.50000       3.885761    
   119.5000       28.00000       3.847993    
   119.5000       28.50000       3.863379    
   119.5000       29.00000       3.910331    
   119.5000       29.50000       3.908699    
   119.5000       30.00000       3.873453    
   119.5000       30.50000       3.861747    
   119.5000       31.00000       3.854400    
   119.5000       31.50000       3.837746    
   119.5000       32.00000       3.841761    
   119.5000       32.50000       3.848509    
   119.5000       33.00000       3.836683    
   119.5000       33.50000       3.837970    
   119.5000       34.00000       3.864271    
   119.5000       34.50000       3.889585    
   119.5000       35.00000       3.897042    
   119.5000       35.50000       3.889693    
   120.0000       26.50000       3.967148    
   120.0000       27.00000       3.943766    
   120.0000       27.50000       3.888597    
   120.0000       28.00000       3.841223    
   120.0000       28.50000       3.860032    
   120.0000       29.00000       3.917550    
   120.0000       29.50000       3.931230    
   120.0000       30.00000       3.908341    
   120.0000       30.50000       3.896447    
   120.0000       31.00000       3.883464    
   120.0000       31.50000       3.861898    
   120.0000       32.00000       3.849238    
   120.0000       32.50000       3.819634    
   120.0000       33.00000       3.775615    
   120.0000       33.50000       3.775655    
   120.0000       34.00000       3.820512    
   120.0000       34.50000       3.862622    
   120.0000       35.00000       3.886786    
   120.0000       35.50000       3.895728    
   120.5000       26.50000       4.006860    
   120.5000       27.00000       3.957992    
   120.5000       27.50000       3.891210    
   120.5000       28.00000       3.841971    
   120.5000       28.50000       3.855323    
   120.5000       29.00000       3.901994    
   120.5000       29.50000       3.914834    
   120.5000       30.00000       3.902084    
   120.5000       30.50000       3.901734    
   120.5000       31.00000       3.897927    
   120.5000       31.50000       3.882805    
   120.5000       32.00000       3.863167    
   120.5000       32.50000       3.801952    
   120.5000       33.00000       3.726552    
   120.5000       33.50000       3.719964    
   120.5000       34.00000       3.773292    
   120.5000       34.50000       3.833139    
   120.5000       35.00000       3.886769    
   120.5000       35.50000       3.922403    
   121.0000       26.50000       4.011308    
   121.0000       27.00000       3.947150    
   121.0000       27.50000       3.880786    
   121.0000       28.00000       3.833757    
   121.0000       28.50000       3.829118    
   121.0000       29.00000       3.849069    
   121.0000       29.50000       3.857125    
   121.0000       30.00000       3.866267    
   121.0000       30.50000       3.895998    
   121.0000       31.00000       3.908130    
   121.0000       31.50000       3.893761    
   121.0000       32.00000       3.872962    
   121.0000       32.50000       3.809649    
   121.0000       33.00000       3.734889    
   121.0000       33.50000       3.726448    
   121.0000       34.00000       3.769905    
   121.0000       34.50000       3.828503    
   121.0000       35.00000       3.896841    
   121.0000       35.50000       3.946221    
   121.5000       26.50000       3.985804    
   121.5000       27.00000       3.933391    
   121.5000       27.50000       3.880489    
   121.5000       28.00000       3.834616    
   121.5000       28.50000       3.807355    
   121.5000       29.00000       3.803180    
   121.5000       29.50000       3.814110    
   121.5000       30.00000       3.848131    
   121.5000       30.50000       3.901649    
   121.5000       31.00000       3.919164    
   121.5000       31.50000       3.895743    
   121.5000       32.00000       3.877808    
   121.5000       32.50000       3.846119    
   121.5000       33.00000       3.810184    
   121.5000       33.50000       3.810155    
   121.5000       34.00000       3.827290    
   121.5000       34.50000       3.853505    
   121.5000       35.00000       3.899812    
   121.5000       35.50000       3.936339    
   122.0000       26.50000       3.984973    
   122.0000       27.00000       3.945215    
   122.0000       27.50000       3.892669    
   122.0000       28.00000       3.847170    
   122.0000       28.50000       3.816241    
   122.0000       29.00000       3.807213    
   122.0000       29.50000       3.818540    
   122.0000       30.00000       3.848163    
   122.0000       30.50000       3.891763    
   122.0000       31.00000       3.908397    
   122.0000       31.50000       3.886817    
   122.0000       32.00000       3.876097    
   122.0000       32.50000       3.885611    
   122.0000       33.00000       3.902554    
   122.0000       33.50000       3.918404    
   122.0000       34.00000       3.908243    
   122.0000       34.50000       3.889472    
   122.0000       35.00000       3.891034    
   122.0000       35.50000       3.895603    
   122.5000       26.50000       4.002962    
   122.5000       27.00000       3.960943    
   122.5000       27.50000       3.896700    
   122.5000       28.00000       3.857227    
   122.5000       28.50000       3.841270    
   122.5000       29.00000       3.837629    
   122.5000       29.50000       3.837457    
   122.5000       30.00000       3.835632    
   122.5000       30.50000       3.847627    
   122.5000       31.00000       3.867742    
   122.5000       31.50000       3.867092    
   122.5000       32.00000       3.865026    
   122.5000       32.50000       3.896324    
   122.5000       33.00000       3.948048    
   122.5000       33.50000       3.979540    
   122.5000       34.00000       3.960212    
   122.5000       34.50000       3.919000    
   122.5000       35.00000       3.889578    
   122.5000       35.50000       3.863672    
   123.0000       26.50000       3.998648    
   123.0000       27.00000       3.958018    
   123.0000       27.50000       3.896629    
   123.0000       28.00000       3.870379    
   123.0000       28.50000       3.869046    
   123.0000       29.00000       3.867660    
   123.0000       29.50000       3.856059    
   123.0000       30.00000       3.829255    
   123.0000       30.50000       3.812746    
   123.0000       31.00000       3.830943    
   123.0000       31.50000       3.848387    
   123.0000       32.00000       3.851059    
   123.0000       32.50000       3.878907    
   123.0000       33.00000       3.933890    
   123.0000       33.50000       3.973752    
   123.0000       34.00000       3.967145    
   123.0000       34.50000       3.937488    
   123.0000       35.00000       3.906750    
   123.0000       35.50000       3.866664    
