   115.0000       26.50000       3.622295    
   115.0000       27.00000       3.664407    
   115.0000       27.50000       3.676132    
   115.0000       28.00000       3.674883    
   115.0000       28.50000       3.705437    
   115.0000       29.00000       3.738834    
   115.0000       29.50000       3.716862    
   115.0000       30.00000       3.685382    
   115.0000       30.50000       3.689517    
   115.0000       31.00000       3.698551    
   115.0000       31.50000       3.706644    
   115.0000       32.00000       3.736972    
   115.0000       32.50000       3.806985    
   115.0000       33.00000       3.874500    
   115.0000       33.50000       3.850172    
   115.0000       34.00000       3.747995    
   115.0000       34.50000       3.656320    
   115.0000       35.00000       3.607708    
   115.0000       35.50000       3.608653    
   115.5000       26.50000       3.623507    
   115.5000       27.00000       3.673055    
   115.5000       27.50000       3.696296    
   115.5000       28.00000       3.705475    
   115.5000       28.50000       3.737617    
   115.5000       29.00000       3.765544    
   115.5000       29.50000       3.739905    
   115.5000       30.00000       3.698203    
   115.5000       30.50000       3.684793    
   115.5000       31.00000       3.689095    
   115.5000       31.50000       3.701382    
   115.5000       32.00000       3.724585    
   115.5000       32.50000       3.774982    
   115.5000       33.00000       3.826947    
   115.5000       33.50000       3.808794    
   115.5000       34.00000       3.731525    
   115.5000       34.50000       3.665956    
   115.5000       35.00000       3.635998    
   115.5000       35.50000       3.649427    
   116.0000       26.50000       3.653343    
   116.0000       27.00000       3.705126    
   116.0000       27.50000       3.730949    
   116.0000       28.00000       3.741088    
   116.0000       28.50000       3.763671    
   116.0000       29.00000       3.772545    
   116.0000       29.50000       3.737917    
   116.0000       30.00000       3.697661    
   116.0000       30.50000       3.683432    
   116.0000       31.00000       3.689793    
   116.0000       31.50000       3.702337    
   116.0000       32.00000       3.713919    
   116.0000       32.50000       3.745450    
   116.0000       33.00000       3.788120    
   116.0000       33.50000       3.784412    
   116.0000       34.00000       3.736342    
   116.0000       34.50000       3.694935    
   116.0000       35.00000       3.679062    
   116.0000       35.50000       3.696488    
   116.5000       26.50000       3.678573    
   116.5000       27.00000       3.730826    
   116.5000       27.50000       3.752761    
   116.5000       28.00000       3.753980    
   116.5000       28.50000       3.762757    
   116.5000       29.00000       3.756718    
   116.5000       29.50000       3.718030    
   116.5000       30.00000       3.688326    
   116.5000       30.50000       3.692091    
   116.5000       31.00000       3.710693    
   116.5000       31.50000       3.717073    
   116.5000       32.00000       3.711474    
   116.5000       32.50000       3.728730    
   116.5000       33.00000       3.768527    
   116.5000       33.50000       3.777469    
   116.5000       34.00000       3.750389    
   116.5000       34.50000       3.724542    
   116.5000       35.00000       3.713503    
   116.5000       35.50000       3.720000    
   117.0000       26.50000       3.687056    
   117.0000       27.00000       3.732482    
   117.0000       27.50000       3.750503    
   117.0000       28.00000       3.743814    
   117.0000       28.50000       3.745838    
   117.0000       29.00000       3.744379    
   117.0000       29.50000       3.718351    
   117.0000       30.00000       3.703728    
   117.0000       30.50000       3.730332    
   117.0000       31.00000       3.763762    
   117.0000       31.50000       3.758426    
   117.0000       32.00000       3.728988    
   117.0000       32.50000       3.730933    
   117.0000       33.00000       3.769849    
   117.0000       33.50000       3.787727    
   117.0000       34.00000       3.766983    
   117.0000       34.50000       3.737384    
   117.0000       35.00000       3.715948    
   117.0000       35.50000       3.702256    
   117.5000       26.50000       3.690295    
   117.5000       27.00000       3.727837    
   117.5000       27.50000       3.743384    
   117.5000       28.00000       3.731167    
   117.5000       28.50000       3.733313    
   117.5000       29.00000       3.750052    
   117.5000       29.50000       3.744994    
   117.5000       30.00000       3.740214    
   117.5000       30.50000       3.778219    
   117.5000       31.00000       3.821697    
   117.5000       31.50000       3.809151    
   117.5000       32.00000       3.759326    
   117.5000       32.50000       3.746514    
   117.5000       33.00000       3.786500    
   117.5000       33.50000       3.810339    
   117.5000       34.00000       3.778618    
   117.5000       34.50000       3.722898    
   117.5000       35.00000       3.682194    
   117.5000       35.50000       3.659174    
   118.0000       26.50000       3.707072    
   118.0000       27.00000       3.745236    
   118.0000       27.50000       3.756611    
   118.0000       28.00000       3.734887    
   118.0000       28.50000       3.730976    
   118.0000       29.00000       3.753311    
   118.0000       29.50000       3.755754    
   118.0000       30.00000       3.748386    
   118.0000       30.50000       3.781739    
   118.0000       31.00000       3.829257    
   118.0000       31.50000       3.824844    
   118.0000       32.00000       3.776225    
   118.0000       32.50000       3.761200    
   118.0000       33.00000       3.805201    
   118.0000       33.50000       3.830589    
   118.0000       34.00000       3.778728    
   118.0000       34.50000       3.690859    
   118.0000       35.00000       3.636975    
   118.0000       35.50000       3.627758    
   118.5000       26.50000       3.742831    
   118.5000       27.00000       3.785951    
   118.5000       27.50000       3.791709    
   118.5000       28.00000       3.753090    
   118.5000       28.50000       3.727548    
   118.5000       29.00000       3.736099    
   118.5000       29.50000       3.738408    
   118.5000       30.00000       3.726606    
   118.5000       30.50000       3.740546    
   118.5000       31.00000       3.778745    
   118.5000       31.50000       3.791135    
   118.5000       32.00000       3.763234    
   118.5000       32.50000       3.754650    
   118.5000       33.00000       3.799160    
   118.5000       33.50000       3.827670    
   118.5000       34.00000       3.772805    
   118.5000       34.50000       3.674981    
   118.5000       35.00000       3.621226    
   118.5000       35.50000       3.634317    
   119.0000       26.50000       3.771127    
   119.0000       27.00000       3.812830    
   119.0000       27.50000       3.815020    
   119.0000       28.00000       3.762990    
   119.0000       28.50000       3.717355    
   119.0000       29.00000       3.718791    
   119.0000       29.50000       3.732763    
   119.0000       30.00000       3.721088    
   119.0000       30.50000       3.706203    
   119.0000       31.00000       3.721742    
   119.0000       31.50000       3.746127    
   119.0000       32.00000       3.736939    
   119.0000       32.50000       3.721732    
   119.0000       33.00000       3.752521    
   119.0000       33.50000       3.794060    
   119.0000       34.00000       3.772496    
   119.0000       34.50000       3.700218    
   119.0000       35.00000       3.653689    
   119.0000       35.50000       3.670420    
   119.5000       26.50000       3.769114    
   119.5000       27.00000       3.793793    
   119.5000       27.50000       3.797200    
   119.5000       28.00000       3.758815    
   119.5000       28.50000       3.723446    
   119.5000       29.00000       3.734901    
   119.5000       29.50000       3.757267    
   119.5000       30.00000       3.734348    
   119.5000       30.50000       3.692617    
   119.5000       31.00000       3.690565    
   119.5000       31.50000       3.718921    
   119.5000       32.00000       3.719115    
   119.5000       32.50000       3.691137    
   119.5000       33.00000       3.701865    
   119.5000       33.50000       3.755376    
   119.5000       34.00000       3.778961    
   119.5000       34.50000       3.749188    
   119.5000       35.00000       3.709792    
   119.5000       35.50000       3.704854    
   120.0000       26.50000       3.755213    
   120.0000       27.00000       3.743814    
   120.0000       27.50000       3.753328    
   120.0000       28.00000       3.757019    
   120.0000       28.50000       3.757652    
   120.0000       29.00000       3.775999    
   120.0000       29.50000       3.783723    
   120.0000       30.00000       3.740383    
   120.0000       30.50000       3.689728    
   120.0000       31.00000       3.685303    
   120.0000       31.50000       3.707159    
   120.0000       32.00000       3.715761    
   120.0000       32.50000       3.702341    
   120.0000       33.00000       3.708390    
   120.0000       33.50000       3.749882    
   120.0000       34.00000       3.783387    
   120.0000       34.50000       3.782478    
   120.0000       35.00000       3.754810    
   120.0000       35.50000       3.727006    
   120.5000       26.50000       3.760743    
   120.5000       27.00000       3.711316    
   120.5000       27.50000       3.719489    
   120.5000       28.00000       3.757159    
   120.5000       28.50000       3.789260    
   120.5000       29.00000       3.809723    
   120.5000       29.50000       3.801529    
   120.5000       30.00000       3.753650    
   120.5000       30.50000       3.720377    
   120.5000       31.00000       3.720909    
   120.5000       31.50000       3.718659    
   120.5000       32.00000       3.727827    
   120.5000       32.50000       3.751878    
   120.5000       33.00000       3.769301    
   120.5000       33.50000       3.775360    
   120.5000       34.00000       3.777724    
   120.5000       34.50000       3.785028    
   120.5000       35.00000       3.781064    
   120.5000       35.50000       3.755206    
   121.0000       26.50000       3.782822    
   121.0000       27.00000       3.724671    
   121.0000       27.50000       3.718531    
   121.0000       28.00000       3.756189    
   121.0000       28.50000       3.796967    
   121.0000       29.00000       3.820268    
   121.0000       29.50000       3.809437    
   121.0000       30.00000       3.775674    
   121.0000       30.50000       3.777272    
   121.0000       31.00000       3.786435    
   121.0000       31.50000       3.751120    
   121.0000       32.00000       3.741351    
   121.0000       32.50000       3.785640    
   121.0000       33.00000       3.810996    
   121.0000       33.50000       3.786716    
   121.0000       34.00000       3.759008    
   121.0000       34.50000       3.770201    
   121.0000       35.00000       3.794509    
   121.0000       35.50000       3.793057    
   121.5000       26.50000       3.791970    
   121.5000       27.00000       3.762733    
   121.5000       27.50000       3.753358    
   121.5000       28.00000       3.774390    
   121.5000       28.50000       3.796675    
   121.5000       29.00000       3.800619    
   121.5000       29.50000       3.775132    
   121.5000       30.00000       3.753109    
   121.5000       30.50000       3.790250    
   121.5000       31.00000       3.815335    
   121.5000       31.50000       3.763641    
   121.5000       32.00000       3.729228    
   121.5000       32.50000       3.763899    
   121.5000       33.00000       3.789186    
   121.5000       33.50000       3.763631    
   121.5000       34.00000       3.738169    
   121.5000       34.50000       3.757152    
   121.5000       35.00000       3.793481    
   121.5000       35.50000       3.811335    
   122.0000       26.50000       3.781531    
   122.0000       27.00000       3.786746    
   122.0000       27.50000       3.786313    
   122.0000       28.00000       3.796478    
   122.0000       28.50000       3.799564    
   122.0000       29.00000       3.775436    
   122.0000       29.50000       3.723545    
   122.0000       30.00000       3.700118    
   122.0000       30.50000       3.753687    
   122.0000       31.00000       3.789856    
   122.0000       31.50000       3.743602    
   122.0000       32.00000       3.696307    
   122.0000       32.50000       3.708594    
   122.0000       33.00000       3.732553    
   122.0000       33.50000       3.729449    
   122.0000       34.00000       3.729675    
   122.0000       34.50000       3.754209    
   122.0000       35.00000       3.776085    
   122.0000       35.50000       3.784370    
   122.5000       26.50000       3.774536    
   122.5000       27.00000       3.783924    
   122.5000       27.50000       3.770944    
   122.5000       28.00000       3.773696    
   122.5000       28.50000       3.788265    
   122.5000       29.00000       3.770630    
   122.5000       29.50000       3.712781    
   122.5000       30.00000       3.689644    
   122.5000       30.50000       3.740711    
   122.5000       31.00000       3.769445    
   122.5000       31.50000       3.730731    
   122.5000       32.00000       3.680667    
   122.5000       32.50000       3.668881    
   122.5000       33.00000       3.684957    
   122.5000       33.50000       3.703871    
   122.5000       34.00000       3.729766    
   122.5000       34.50000       3.754724    
   122.5000       35.00000       3.750692    
   122.5000       35.50000       3.724394    
   123.0000       26.50000       3.773859    
   123.0000       27.00000       3.756295    
   123.0000       27.50000       3.712508    
   123.0000       28.00000       3.713710    
   123.0000       28.50000       3.755783    
   123.0000       29.00000       3.762604    
   123.0000       29.50000       3.718583    
   123.0000       30.00000       3.711147    
   123.0000       30.50000       3.763559    
   123.0000       31.00000       3.781251    
   123.0000       31.50000       3.747982    
   123.0000       32.00000       3.702963    
   123.0000       32.50000       3.670984    
   123.0000       33.00000       3.668728    
   123.0000       33.50000       3.694467    
   123.0000       34.00000       3.731833    
   123.0000       34.50000       3.754477    
   123.0000       35.00000       3.736871    
   123.0000       35.50000       3.678827    
