   115.0000       26.50000       3.975870    
   115.0000       27.00000       3.969868    
   115.0000       27.50000       3.964101    
   115.0000       28.00000       3.952194    
   115.0000       28.50000       3.940351    
   115.0000       29.00000       3.947712    
   115.0000       29.50000       3.982313    
   115.0000       30.00000       4.022342    
   115.0000       30.50000       4.033077    
   115.0000       31.00000       4.007017    
   115.0000       31.50000       3.971166    
   115.0000       32.00000       3.955886    
   115.0000       32.50000       3.967782    
   115.0000       33.00000       3.988518    
   115.0000       33.50000       4.001184    
   115.0000       34.00000       4.005961    
   115.0000       34.50000       4.008704    
   115.0000       35.00000       4.006042    
   115.0000       35.50000       3.995180    
   115.5000       26.50000       3.994332    
   115.5000       27.00000       3.990641    
   115.5000       27.50000       3.983938    
   115.5000       28.00000       3.963346    
   115.5000       28.50000       3.939463    
   115.5000       29.00000       3.940666    
   115.5000       29.50000       3.976662    
   115.5000       30.00000       4.019451    
   115.5000       30.50000       4.033669    
   115.5000       31.00000       4.013619    
   115.5000       31.50000       3.983650    
   115.5000       32.00000       3.972478    
   115.5000       32.50000       3.986013    
   115.5000       33.00000       4.006867    
   115.5000       33.50000       4.017395    
   115.5000       34.00000       4.015215    
   115.5000       34.50000       4.007574    
   115.5000       35.00000       3.996451    
   115.5000       35.50000       3.981667    
   116.0000       26.50000       3.982133    
   116.0000       27.00000       3.982206    
   116.0000       27.50000       3.978507    
   116.0000       28.00000       3.956941    
   116.0000       28.50000       3.931875    
   116.0000       29.00000       3.933700    
   116.0000       29.50000       3.967596    
   116.0000       30.00000       4.004347    
   116.0000       30.50000       4.017292    
   116.0000       31.00000       4.005991    
   116.0000       31.50000       3.989111    
   116.0000       32.00000       3.987189    
   116.0000       32.50000       4.001264    
   116.0000       33.00000       4.018468    
   116.0000       33.50000       4.026776    
   116.0000       34.00000       4.021029    
   116.0000       34.50000       4.006349    
   116.0000       35.00000       3.989664    
   116.0000       35.50000       3.973251    
   116.5000       26.50000       3.948687    
   116.5000       27.00000       3.953114    
   116.5000       27.50000       3.955547    
   116.5000       28.00000       3.941389    
   116.5000       28.50000       3.924653    
   116.5000       29.00000       3.930298    
   116.5000       29.50000       3.957365    
   116.5000       30.00000       3.980860    
   116.5000       30.50000       3.986434    
   116.5000       31.00000       3.981270    
   116.5000       31.50000       3.980385    
   116.5000       32.00000       3.993301    
   116.5000       32.50000       4.012722    
   116.5000       33.00000       4.029727    
   116.5000       33.50000       4.039532    
   116.5000       34.00000       4.034548    
   116.5000       34.50000       4.017009    
   116.5000       35.00000       3.997870    
   116.5000       35.50000       3.980840    
   117.0000       26.50000       3.932052    
   117.0000       27.00000       3.941276    
   117.0000       27.50000       3.949294    
   117.0000       28.00000       3.942939    
   117.0000       28.50000       3.932693    
   117.0000       29.00000       3.937344    
   117.0000       29.50000       3.954159    
   117.0000       30.00000       3.963629    
   117.0000       30.50000       3.959466    
   117.0000       31.00000       3.955631    
   117.0000       31.50000       3.966944    
   117.0000       32.00000       3.993713    
   117.0000       32.50000       4.021972    
   117.0000       33.00000       4.044162    
   117.0000       33.50000       4.058921    
   117.0000       34.00000       4.056969    
   117.0000       34.50000       4.039086    
   117.0000       35.00000       4.019094    
   117.0000       35.50000       4.001507    
   117.5000       26.50000       3.949160    
   117.5000       27.00000       3.961327    
   117.5000       27.50000       3.969612    
   117.5000       28.00000       3.965972    
   117.5000       28.50000       3.957779    
   117.5000       29.00000       3.957817    
   117.5000       29.50000       3.964796    
   117.5000       30.00000       3.964900    
   117.5000       30.50000       3.953935    
   117.5000       31.00000       3.948324    
   117.5000       31.50000       3.963195    
   117.5000       32.00000       3.993353    
   117.5000       32.50000       4.024105    
   117.5000       33.00000       4.049160    
   117.5000       33.50000       4.067008    
   117.5000       34.00000       4.068091    
   117.5000       34.50000       4.052012    
   117.5000       35.00000       4.033044    
   117.5000       35.50000       4.016531    
   118.0000       26.50000       3.972214    
   118.0000       27.00000       3.985026    
   118.0000       27.50000       3.991508    
   118.0000       28.00000       3.990683    
   118.0000       28.50000       3.987718    
   118.0000       29.00000       3.986555    
   118.0000       29.50000       3.985861    
   118.0000       30.00000       3.979041    
   118.0000       30.50000       3.962355    
   118.0000       31.00000       3.951645    
   118.0000       31.50000       3.961498    
   118.0000       32.00000       3.983895    
   118.0000       32.50000       4.005295    
   118.0000       33.00000       4.023433    
   118.0000       33.50000       4.039238    
   118.0000       34.00000       4.043833    
   118.0000       34.50000       4.033609    
   118.0000       35.00000       4.019773    
   118.0000       35.50000       4.008177    
   118.5000       26.50000       3.976994    
   118.5000       27.00000       3.991143    
   118.5000       27.50000       3.999317    
   118.5000       28.00000       4.005136    
   118.5000       28.50000       4.012522    
   118.5000       29.00000       4.015903    
   118.5000       29.50000       4.010128    
   118.5000       30.00000       3.994194    
   118.5000       30.50000       3.967327    
   118.5000       31.00000       3.945084    
   118.5000       31.50000       3.943574    
   118.5000       32.00000       3.955055    
   118.5000       32.50000       3.961708    
   118.5000       33.00000       3.966943    
   118.5000       33.50000       3.979609    
   118.5000       34.00000       3.990491    
   118.5000       34.50000       3.990532    
   118.5000       35.00000       3.985748    
   118.5000       35.50000       3.981665    
   119.0000       26.50000       3.979015    
   119.0000       27.00000       3.995270    
   119.0000       27.50000       4.005075    
   119.0000       28.00000       4.014102    
   119.0000       28.50000       4.026681    
   119.0000       29.00000       4.033699    
   119.0000       29.50000       4.027127    
   119.0000       30.00000       4.006585    
   119.0000       30.50000       3.971938    
   119.0000       31.00000       3.936506    
   119.0000       31.50000       3.919715    
   119.0000       32.00000       3.920417    
   119.0000       32.50000       3.917245    
   119.0000       33.00000       3.915449    
   119.0000       33.50000       3.929029    
   119.0000       34.00000       3.948228    
   119.0000       34.50000       3.959640    
   119.0000       35.00000       3.963460    
   119.0000       35.50000       3.964383    
   119.5000       26.50000       3.997275    
   119.5000       27.00000       4.012852    
   119.5000       27.50000       4.018517    
   119.5000       28.00000       4.020577    
   119.5000       28.50000       4.024503    
   119.5000       29.00000       4.027522    
   119.5000       29.50000       4.026349    
   119.5000       30.00000       4.017426    
   119.5000       30.50000       3.990628    
   119.5000       31.00000       3.951474    
   119.5000       31.50000       3.920176    
   119.5000       32.00000       3.908950    
   119.5000       32.50000       3.906242    
   119.5000       33.00000       3.910566    
   119.5000       33.50000       3.928219    
   119.5000       34.00000       3.952439    
   119.5000       34.50000       3.971036    
   119.5000       35.00000       3.978488    
   119.5000       35.50000       3.978427    
   120.0000       26.50000       4.021376    
   120.0000       27.00000       4.030533    
   120.0000       27.50000       4.027618    
   120.0000       28.00000       4.018379    
   120.0000       28.50000       4.008012    
   120.0000       29.00000       4.004259    
   120.0000       29.50000       4.012243    
   120.0000       30.00000       4.022912    
   120.0000       30.50000       4.011907    
   120.0000       31.00000       3.978315    
   120.0000       31.50000       3.942196    
   120.0000       32.00000       3.925337    
   120.0000       32.50000       3.933407    
   120.0000       33.00000       3.953763    
   120.0000       33.50000       3.974349    
   120.0000       34.00000       3.995444    
   120.0000       34.50000       4.013751    
   120.0000       35.00000       4.020117    
   120.0000       35.50000       4.016017    
   120.5000       26.50000       4.029937    
   120.5000       27.00000       4.030518    
   120.5000       27.50000       4.021865    
   120.5000       28.00000       4.008625    
   120.5000       28.50000       3.991341    
   120.5000       29.00000       3.982594    
   120.5000       29.50000       3.994801    
   120.5000       30.00000       4.014813    
   120.5000       30.50000       4.010949    
   120.5000       31.00000       3.984431    
   120.5000       31.50000       3.955756    
   120.5000       32.00000       3.945029    
   120.5000       32.50000       3.966492    
   120.5000       33.00000       4.000962    
   120.5000       33.50000       4.020069    
   120.5000       34.00000       4.030637    
   120.5000       34.50000       4.043358    
   120.5000       35.00000       4.049216    
   120.5000       35.50000       4.044922    
   121.0000       26.50000       4.014895    
   121.0000       27.00000       4.013445    
   121.0000       27.50000       4.007642    
   121.0000       28.00000       4.001127    
   121.0000       28.50000       3.984465    
   121.0000       29.00000       3.967049    
   121.0000       29.50000       3.973338    
   121.0000       30.00000       3.994710    
   121.0000       30.50000       3.994640    
   121.0000       31.00000       3.975003    
   121.0000       31.50000       3.954888    
   121.0000       32.00000       3.951417    
   121.0000       32.50000       3.976220    
   121.0000       33.00000       4.010538    
   121.0000       33.50000       4.022237    
   121.0000       34.00000       4.019714    
   121.0000       34.50000       4.026298    
   121.0000       35.00000       4.036236    
   121.0000       35.50000       4.038930    
   121.5000       26.50000       3.992308    
   121.5000       27.00000       3.995338    
   121.5000       27.50000       3.995814    
   121.5000       28.00000       3.998967    
   121.5000       28.50000       3.985424    
   121.5000       29.00000       3.956064    
   121.5000       29.50000       3.949383    
   121.5000       30.00000       3.971074    
   121.5000       30.50000       3.980855    
   121.5000       31.00000       3.971251    
   121.5000       31.50000       3.956604    
   121.5000       32.00000       3.952878    
   121.5000       32.50000       3.967123    
   121.5000       33.00000       3.985526    
   121.5000       33.50000       3.984647    
   121.5000       34.00000       3.970410    
   121.5000       34.50000       3.971849    
   121.5000       35.00000       3.987957    
   121.5000       35.50000       4.000319    
   122.0000       26.50000       3.981084    
   122.0000       27.00000       3.988542    
   122.0000       27.50000       3.989565    
   122.0000       28.00000       3.994007    
   122.0000       28.50000       3.983310    
   122.0000       29.00000       3.950675    
   122.0000       29.50000       3.934973    
   122.0000       30.00000       3.953493    
   122.0000       30.50000       3.971306    
   122.0000       31.00000       3.973744    
   122.0000       31.50000       3.969860    
   122.0000       32.00000       3.965796    
   122.0000       32.50000       3.964492    
   122.0000       33.00000       3.962165    
   122.0000       33.50000       3.947870    
   122.0000       34.00000       3.923588    
   122.0000       34.50000       3.917758    
   122.0000       35.00000       3.935446    
   122.0000       35.50000       3.952129    
   122.5000       26.50000       3.978848    
   122.5000       27.00000       3.986989    
   122.5000       27.50000       3.982587    
   122.5000       28.00000       3.979463    
   122.5000       28.50000       3.971584    
   122.5000       29.00000       3.949240    
   122.5000       29.50000       3.935732    
   122.5000       30.00000       3.946191    
   122.5000       30.50000       3.959483    
   122.5000       31.00000       3.969669    
   122.5000       31.50000       3.985183    
   122.5000       32.00000       3.991260    
   122.5000       32.50000       3.981195    
   122.5000       33.00000       3.965984    
   122.5000       33.50000       3.943702    
   122.5000       34.00000       3.909909    
   122.5000       34.50000       3.892257    
   122.5000       35.00000       3.903699    
   122.5000       35.50000       3.915833    
   123.0000       26.50000       3.975266    
   123.0000       27.00000       3.978803    
   123.0000       27.50000       3.969831    
   123.0000       28.00000       3.960924    
   123.0000       28.50000       3.958755    
   123.0000       29.00000       3.954791    
   123.0000       29.50000       3.950447    
   123.0000       30.00000       3.946490    
   123.0000       30.50000       3.939585    
   123.0000       31.00000       3.948888    
   123.0000       31.50000       3.985615    
   123.0000       32.00000       4.010601    
   123.0000       32.50000       4.004103    
   123.0000       33.00000       3.989420    
   123.0000       33.50000       3.967818    
   123.0000       34.00000       3.926194    
   123.0000       34.50000       3.896082    
   123.0000       35.00000       3.898335    
   123.0000       35.50000       3.900858    
