   115.0000       26.50000       3.887061    
   115.0000       27.00000       3.893652    
   115.0000       27.50000       3.900485    
   115.0000       28.00000       3.899787    
   115.0000       28.50000       3.900955    
   115.0000       29.00000       3.902297    
   115.0000       29.50000       3.890939    
   115.0000       30.00000       3.875744    
   115.0000       30.50000       3.877331    
   115.0000       31.00000       3.891740    
   115.0000       31.50000       3.894367    
   115.0000       32.00000       3.880149    
   115.0000       32.50000       3.874418    
   115.0000       33.00000       3.896950    
   115.0000       33.50000       3.938756    
   115.0000       34.00000       3.978663    
   115.0000       34.50000       3.999311    
   115.0000       35.00000       3.997685    
   115.0000       35.50000       3.981479    
   115.5000       26.50000       3.891473    
   115.5000       27.00000       3.897178    
   115.5000       27.50000       3.900562    
   115.5000       28.00000       3.892388    
   115.5000       28.50000       3.889297    
   115.5000       29.00000       3.896529    
   115.5000       29.50000       3.896949    
   115.5000       30.00000       3.889935    
   115.5000       30.50000       3.891359    
   115.5000       31.00000       3.901076    
   115.5000       31.50000       3.903957    
   115.5000       32.00000       3.898082    
   115.5000       32.50000       3.900114    
   115.5000       33.00000       3.922582    
   115.5000       33.50000       3.958729    
   115.5000       34.00000       3.991307    
   115.5000       34.50000       4.003238    
   115.5000       35.00000       3.991780    
   115.5000       35.50000       3.966997    
   116.0000       26.50000       3.880357    
   116.0000       27.00000       3.890564    
   116.0000       27.50000       3.897205    
   116.0000       28.00000       3.888236    
   116.0000       28.50000       3.883002    
   116.0000       29.00000       3.893689    
   116.0000       29.50000       3.905640    
   116.0000       30.00000       3.912452    
   116.0000       30.50000       3.919994    
   116.0000       31.00000       3.924362    
   116.0000       31.50000       3.920806    
   116.0000       32.00000       3.915770    
   116.0000       32.50000       3.920035    
   116.0000       33.00000       3.937284    
   116.0000       33.50000       3.963000    
   116.0000       34.00000       3.987171    
   116.0000       34.50000       3.994254    
   116.0000       35.00000       3.978820    
   116.0000       35.50000       3.951360    
   116.5000       26.50000       3.865435    
   116.5000       27.00000       3.881005    
   116.5000       27.50000       3.892504    
   116.5000       28.00000       3.886213    
   116.5000       28.50000       3.882644    
   116.5000       29.00000       3.897998    
   116.5000       29.50000       3.918079    
   116.5000       30.00000       3.932378    
   116.5000       30.50000       3.942266    
   116.5000       31.00000       3.941778    
   116.5000       31.50000       3.931035    
   116.5000       32.00000       3.922585    
   116.5000       32.50000       3.927194    
   116.5000       33.00000       3.941207    
   116.5000       33.50000       3.957626    
   116.5000       34.00000       3.972004    
   116.5000       34.50000       3.972791    
   116.5000       35.00000       3.953963    
   116.5000       35.50000       3.927988    
   117.0000       26.50000       3.865434    
   117.0000       27.00000       3.882555    
   117.0000       27.50000       3.896033    
   117.0000       28.00000       3.891744    
   117.0000       28.50000       3.890550    
   117.0000       29.00000       3.909347    
   117.0000       29.50000       3.930316    
   117.0000       30.00000       3.939834    
   117.0000       30.50000       3.942286    
   117.0000       31.00000       3.936487    
   117.0000       31.50000       3.922728    
   117.0000       32.00000       3.913556    
   117.0000       32.50000       3.922524    
   117.0000       33.00000       3.941864    
   117.0000       33.50000       3.956618    
   117.0000       34.00000       3.960941    
   117.0000       34.50000       3.950248    
   117.0000       35.00000       3.925956    
   117.0000       35.50000       3.903892    
   117.5000       26.50000       3.881579    
   117.5000       27.00000       3.895592    
   117.5000       27.50000       3.908157    
   117.5000       28.00000       3.904897    
   117.5000       28.50000       3.905444    
   117.5000       29.00000       3.924623    
   117.5000       29.50000       3.940198    
   117.5000       30.00000       3.937164    
   117.5000       30.50000       3.925124    
   117.5000       31.00000       3.911297    
   117.5000       31.50000       3.897910    
   117.5000       32.00000       3.893158    
   117.5000       32.50000       3.910375    
   117.5000       33.00000       3.941184    
   117.5000       33.50000       3.961515    
   117.5000       34.00000       3.958559    
   117.5000       34.50000       3.937409    
   117.5000       35.00000       3.911992    
   117.5000       35.50000       3.896924    
   118.0000       26.50000       3.897618    
   118.0000       27.00000       3.906292    
   118.0000       27.50000       3.918124    
   118.0000       28.00000       3.917994    
   118.0000       28.50000       3.922322    
   118.0000       29.00000       3.941455    
   118.0000       29.50000       3.949893    
   118.0000       30.00000       3.935165    
   118.0000       30.50000       3.910868    
   118.0000       31.00000       3.887458    
   118.0000       31.50000       3.871865    
   118.0000       32.00000       3.869631    
   118.0000       32.50000       3.889482    
   118.0000       33.00000       3.924869    
   118.0000       33.50000       3.949299    
   118.0000       34.00000       3.945591    
   118.0000       34.50000       3.927296    
   118.0000       35.00000       3.914074    
   118.0000       35.50000       3.910463    
   118.5000       26.50000       3.905398    
   118.5000       27.00000       3.911223    
   118.5000       27.50000       3.923858    
   118.5000       28.00000       3.927122    
   118.5000       28.50000       3.934263    
   118.5000       29.00000       3.952848    
   118.5000       29.50000       3.956311    
   118.5000       30.00000       3.938520    
   118.5000       30.50000       3.912624    
   118.5000       31.00000       3.882611    
   118.5000       31.50000       3.860698    
   118.5000       32.00000       3.854305    
   118.5000       32.50000       3.861940    
   118.5000       33.00000       3.882133    
   118.5000       33.50000       3.901393    
   118.5000       34.00000       3.905034    
   118.5000       34.50000       3.906003    
   118.5000       35.00000       3.916331    
   118.5000       35.50000       3.926523    
   119.0000       26.50000       3.919344    
   119.0000       27.00000       3.927732    
   119.0000       27.50000       3.939038    
   119.0000       28.00000       3.936814    
   119.0000       28.50000       3.936361    
   119.0000       29.00000       3.950283    
   119.0000       29.50000       3.954195    
   119.0000       30.00000       3.945200    
   119.0000       30.50000       3.927301    
   119.0000       31.00000       3.894445    
   119.0000       31.50000       3.866102    
   119.0000       32.00000       3.854780    
   119.0000       32.50000       3.844055    
   119.0000       33.00000       3.837639    
   119.0000       33.50000       3.845783    
   119.0000       34.00000       3.860284    
   119.0000       34.50000       3.883341    
   119.0000       35.00000       3.912847    
   119.0000       35.50000       3.932067    
   119.5000       26.50000       3.954007    
   119.5000       27.00000       3.964808    
   119.5000       27.50000       3.968379    
   119.5000       28.00000       3.952207    
   119.5000       28.50000       3.935092    
   119.5000       29.00000       3.938266    
   119.5000       29.50000       3.946738    
   119.5000       30.00000       3.953862    
   119.5000       30.50000       3.945983    
   119.5000       31.00000       3.910958    
   119.5000       31.50000       3.877735    
   119.5000       32.00000       3.867681    
   119.5000       32.50000       3.853805    
   119.5000       33.00000       3.835268    
   119.5000       33.50000       3.836740    
   119.5000       34.00000       3.857389    
   119.5000       34.50000       3.888768    
   119.5000       35.00000       3.919619    
   119.5000       35.50000       3.937640    
   120.0000       26.50000       3.997425    
   120.0000       27.00000       4.002413    
   120.0000       27.50000       3.994822    
   120.0000       28.00000       3.970518    
   120.0000       28.50000       3.942701    
   120.0000       29.00000       3.931765    
   120.0000       29.50000       3.940237    
   120.0000       30.00000       3.958859    
   120.0000       30.50000       3.956187    
   120.0000       31.00000       3.921062    
   120.0000       31.50000       3.888901    
   120.0000       32.00000       3.888825    
   120.0000       32.50000       3.892894    
   120.0000       33.00000       3.885643    
   120.0000       33.50000       3.887770    
   120.0000       34.00000       3.905572    
   120.0000       34.50000       3.929242    
   120.0000       35.00000       3.947034    
   120.0000       35.50000       3.957410    
   120.5000       26.50000       4.016355    
   120.5000       27.00000       4.012718    
   120.5000       27.50000       4.000508    
   120.5000       28.00000       3.982816    
   120.5000       28.50000       3.957639    
   120.5000       29.00000       3.932878    
   120.5000       29.50000       3.929586    
   120.5000       30.00000       3.947747    
   120.5000       30.50000       3.947523    
   120.5000       31.00000       3.919402    
   120.5000       31.50000       3.898089    
   120.5000       32.00000       3.914778    
   120.5000       32.50000       3.942674    
   120.5000       33.00000       3.951736    
   120.5000       33.50000       3.953389    
   120.5000       34.00000       3.961355    
   120.5000       34.50000       3.971559    
   120.5000       35.00000       3.975415    
   120.5000       35.50000       3.980214    
   121.0000       26.50000       3.990845    
   121.0000       27.00000       3.984705    
   121.0000       27.50000       3.980269    
   121.0000       28.00000       3.979408    
   121.0000       28.50000       3.964125    
   121.0000       29.00000       3.929939    
   121.0000       29.50000       3.909565    
   121.0000       30.00000       3.923903    
   121.0000       30.50000       3.934366    
   121.0000       31.00000       3.918173    
   121.0000       31.50000       3.906762    
   121.0000       32.00000       3.935832    
   121.0000       32.50000       3.976672    
   121.0000       33.00000       3.989005    
   121.0000       33.50000       3.982534    
   121.0000       34.00000       3.978367    
   121.0000       34.50000       3.977664    
   121.0000       35.00000       3.973593    
   121.0000       35.50000       3.976965    
   121.5000       26.50000       3.946478    
   121.5000       27.00000       3.941701    
   121.5000       27.50000       3.947939    
   121.5000       28.00000       3.960269    
   121.5000       28.50000       3.954790    
   121.5000       29.00000       3.922341    
   121.5000       29.50000       3.894938    
   121.5000       30.00000       3.911402    
   121.5000       30.50000       3.939063    
   121.5000       31.00000       3.933142    
   121.5000       31.50000       3.922654    
   121.5000       32.00000       3.949172    
   121.5000       32.50000       3.985696    
   121.5000       33.00000       3.989330    
   121.5000       33.50000       3.971502    
   121.5000       34.00000       3.956173    
   121.5000       34.50000       3.946532    
   121.5000       35.00000       3.936588    
   121.5000       35.50000       3.937227    
   122.0000       26.50000       3.929854    
   122.0000       27.00000       3.923590    
   122.0000       27.50000       3.927699    
   122.0000       28.00000       3.938467    
   122.0000       28.50000       3.938881    
   122.0000       29.00000       3.919126    
   122.0000       29.50000       3.899255    
   122.0000       30.00000       3.919146    
   122.0000       30.50000       3.953895    
   122.0000       31.00000       3.951752    
   122.0000       31.50000       3.939027    
   122.0000       32.00000       3.954210    
   122.0000       32.50000       3.979067    
   122.0000       33.00000       3.978465    
   122.0000       33.50000       3.956374    
   122.0000       34.00000       3.931465    
   122.0000       34.50000       3.911206    
   122.0000       35.00000       3.892509    
   122.0000       35.50000       3.884682    
   122.5000       26.50000       3.950957    
   122.5000       27.00000       3.937073    
   122.5000       27.50000       3.923824    
   122.5000       28.00000       3.919976    
   122.5000       28.50000       3.922078    
   122.5000       29.00000       3.919813    
   122.5000       29.50000       3.915233    
   122.5000       30.00000       3.933362    
   122.5000       30.50000       3.959940    
   122.5000       31.00000       3.954309    
   122.5000       31.50000       3.937324    
   122.5000       32.00000       3.941872    
   122.5000       32.50000       3.963568    
   122.5000       33.00000       3.976100    
   122.5000       33.50000       3.962677    
   122.5000       34.00000       3.931885    
   122.5000       34.50000       3.901569    
   122.5000       35.00000       3.873221    
   122.5000       35.50000       3.852835    
   123.0000       26.50000       3.976084    
   123.0000       27.00000       3.950843    
   123.0000       27.50000       3.917684    
   123.0000       28.00000       3.898966    
   123.0000       28.50000       3.902549    
   123.0000       29.00000       3.917468    
   123.0000       29.50000       3.928637    
   123.0000       30.00000       3.941992    
   123.0000       30.50000       3.954835    
   123.0000       31.00000       3.944740    
   123.0000       31.50000       3.923699    
   123.0000       32.00000       3.920835    
   123.0000       32.50000       3.947042    
   123.0000       33.00000       3.980616    
   123.0000       33.50000       3.982849    
   123.0000       34.00000       3.953564    
   123.0000       34.50000       3.921256    
   123.0000       35.00000       3.888709    
   123.0000       35.50000       3.856105    
