   115.0000       26.50000       3.674656    
   115.0000       27.00000       3.777899    
   115.0000       27.50000       3.836711    
   115.0000       28.00000       3.847406    
   115.0000       28.50000       3.852315    
   115.0000       29.00000       3.852627    
   115.0000       29.50000       3.824325    
   115.0000       30.00000       3.793308    
   115.0000       30.50000       3.800189    
   115.0000       31.00000       3.817482    
   115.0000       31.50000       3.804991    
   115.0000       32.00000       3.791437    
   115.0000       32.50000       3.814749    
   115.0000       33.00000       3.847705    
   115.0000       33.50000       3.852488    
   115.0000       34.00000       3.836556    
   115.0000       34.50000       3.806542    
   115.0000       35.00000       3.758221    
   115.0000       35.50000       3.705642    
   115.5000       26.50000       3.670585    
   115.5000       27.00000       3.772978    
   115.5000       27.50000       3.851369    
   115.5000       28.00000       3.875155    
   115.5000       28.50000       3.873358    
   115.5000       29.00000       3.864868    
   115.5000       29.50000       3.841178    
   115.5000       30.00000       3.808282    
   115.5000       30.50000       3.788639    
   115.5000       31.00000       3.784309    
   115.5000       31.50000       3.781053    
   115.5000       32.00000       3.779558    
   115.5000       32.50000       3.792990    
   115.5000       33.00000       3.810306    
   115.5000       33.50000       3.810453    
   115.5000       34.00000       3.797979    
   115.5000       34.50000       3.774664    
   115.5000       35.00000       3.741791    
   115.5000       35.50000       3.720699    
   116.0000       26.50000       3.687474    
   116.0000       27.00000       3.776767    
   116.0000       27.50000       3.847289    
   116.0000       28.00000       3.865730    
   116.0000       28.50000       3.860507    
   116.0000       29.00000       3.852838    
   116.0000       29.50000       3.830748    
   116.0000       30.00000       3.793856    
   116.0000       30.50000       3.763740    
   116.0000       31.00000       3.755861    
   116.0000       31.50000       3.768261    
   116.0000       32.00000       3.780694    
   116.0000       32.50000       3.781929    
   116.0000       33.00000       3.778803    
   116.0000       33.50000       3.778026    
   116.0000       34.00000       3.781102    
   116.0000       34.50000       3.773670    
   116.0000       35.00000       3.755746    
   116.0000       35.50000       3.753826    
   116.5000       26.50000       3.733125    
   116.5000       27.00000       3.788615    
   116.5000       27.50000       3.827849    
   116.5000       28.00000       3.828974    
   116.5000       28.50000       3.821712    
   116.5000       29.00000       3.823671    
   116.5000       29.50000       3.807970    
   116.5000       30.00000       3.771110    
   116.5000       30.50000       3.747151    
   116.5000       31.00000       3.751781    
   116.5000       31.50000       3.776742    
   116.5000       32.00000       3.796106    
   116.5000       32.50000       3.786486    
   116.5000       33.00000       3.767892    
   116.5000       33.50000       3.771130    
   116.5000       34.00000       3.790441    
   116.5000       34.50000       3.797120    
   116.5000       35.00000       3.791484    
   116.5000       35.50000       3.798398    
   117.0000       26.50000       3.791909    
   117.0000       27.00000       3.808964    
   117.0000       27.50000       3.825485    
   117.0000       28.00000       3.817144    
   117.0000       28.50000       3.803219    
   117.0000       29.00000       3.808105    
   117.0000       29.50000       3.803565    
   117.0000       30.00000       3.778096    
   117.0000       30.50000       3.773278    
   117.0000       31.00000       3.794698    
   117.0000       31.50000       3.814693    
   117.0000       32.00000       3.818815    
   117.0000       32.50000       3.797073    
   117.0000       33.00000       3.775582    
   117.0000       33.50000       3.784945    
   117.0000       34.00000       3.809520    
   117.0000       34.50000       3.823087    
   117.0000       35.00000       3.829346    
   117.0000       35.50000       3.842454    
   117.5000       26.50000       3.816550    
   117.5000       27.00000       3.817816    
   117.5000       27.50000       3.841413    
   117.5000       28.00000       3.841654    
   117.5000       28.50000       3.820655    
   117.5000       29.00000       3.817942    
   117.5000       29.50000       3.820534    
   117.5000       30.00000       3.807609    
   117.5000       30.50000       3.821641    
   117.5000       31.00000       3.855409    
   117.5000       31.50000       3.854682    
   117.5000       32.00000       3.825276    
   117.5000       32.50000       3.797067    
   117.5000       33.00000       3.791567    
   117.5000       33.50000       3.807979    
   117.5000       34.00000       3.825438    
   117.5000       34.50000       3.837460    
   117.5000       35.00000       3.851037    
   117.5000       35.50000       3.867904    
   118.0000       26.50000       3.811426    
   118.0000       27.00000       3.816051    
   118.0000       27.50000       3.846404    
   118.0000       28.00000       3.850819    
   118.0000       28.50000       3.824739    
   118.0000       29.00000       3.816145    
   118.0000       29.50000       3.823907    
   118.0000       30.00000       3.815677    
   118.0000       30.50000       3.830180    
   118.0000       31.00000       3.863138    
   118.0000       31.50000       3.845154    
   118.0000       32.00000       3.796619    
   118.0000       32.50000       3.783834    
   118.0000       33.00000       3.806919    
   118.0000       33.50000       3.826510    
   118.0000       34.00000       3.832670    
   118.0000       34.50000       3.839736    
   118.0000       35.00000       3.851034    
   118.0000       35.50000       3.861677    
   118.5000       26.50000       3.812135    
   118.5000       27.00000       3.826914    
   118.5000       27.50000       3.840993    
   118.5000       28.00000       3.826620    
   118.5000       28.50000       3.794995    
   118.5000       29.00000       3.790912    
   118.5000       29.50000       3.807122    
   118.5000       30.00000       3.800006    
   118.5000       30.50000       3.797060    
   118.5000       31.00000       3.812271    
   118.5000       31.50000       3.791340    
   118.5000       32.00000       3.756026    
   118.5000       32.50000       3.771479    
   118.5000       33.00000       3.811234    
   118.5000       33.50000       3.824198    
   118.5000       34.00000       3.824308    
   118.5000       34.50000       3.829598    
   118.5000       35.00000       3.830848    
   118.5000       35.50000       3.822990    
   119.0000       26.50000       3.818453    
   119.0000       27.00000       3.838012    
   119.0000       27.50000       3.831144    
   119.0000       28.00000       3.801782    
   119.0000       28.50000       3.779149    
   119.0000       29.00000       3.788853    
   119.0000       29.50000       3.808286    
   119.0000       30.00000       3.801758    
   119.0000       30.50000       3.782546    
   119.0000       31.00000       3.773773    
   119.0000       31.50000       3.757532    
   119.0000       32.00000       3.748058    
   119.0000       32.50000       3.772149    
   119.0000       33.00000       3.796332    
   119.0000       33.50000       3.794995    
   119.0000       34.00000       3.797191    
   119.0000       34.50000       3.804696    
   119.0000       35.00000       3.794907    
   119.0000       35.50000       3.766955    
   119.5000       26.50000       3.812010    
   119.5000       27.00000       3.824081    
   119.5000       27.50000       3.809872    
   119.5000       28.00000       3.792970    
   119.5000       28.50000       3.798507    
   119.5000       29.00000       3.817105    
   119.5000       29.50000       3.822997    
   119.5000       30.00000       3.816456    
   119.5000       30.50000       3.797408    
   119.5000       31.00000       3.775472    
   119.5000       31.50000       3.764832    
   119.5000       32.00000       3.769605    
   119.5000       32.50000       3.772185    
   119.5000       33.00000       3.759279    
   119.5000       33.50000       3.746483    
   119.5000       34.00000       3.754747    
   119.5000       34.50000       3.764676    
   119.5000       35.00000       3.750581    
   119.5000       35.50000       3.716146    
   120.0000       26.50000       3.807341    
   120.0000       27.00000       3.800005    
   120.0000       27.50000       3.786171    
   120.0000       28.00000       3.794022    
   120.0000       28.50000       3.826359    
   120.0000       29.00000       3.840507    
   120.0000       29.50000       3.823143    
   120.0000       30.00000       3.812750    
   120.0000       30.50000       3.802961    
   120.0000       31.00000       3.784091    
   120.0000       31.50000       3.781006    
   120.0000       32.00000       3.786944    
   120.0000       32.50000       3.758738    
   120.0000       33.00000       3.713171    
   120.0000       33.50000       3.696031    
   120.0000       34.00000       3.706183    
   120.0000       34.50000       3.716100    
   120.0000       35.00000       3.709756    
   120.0000       35.50000       3.687415    
   120.5000       26.50000       3.857869    
   120.5000       27.00000       3.805420    
   120.5000       27.50000       3.774430    
   120.5000       28.00000       3.791296    
   120.5000       28.50000       3.833593    
   120.5000       29.00000       3.845744    
   120.5000       29.50000       3.821453    
   120.5000       30.00000       3.806412    
   120.5000       30.50000       3.802346    
   120.5000       31.00000       3.794117    
   120.5000       31.50000       3.795331    
   120.5000       32.00000       3.795679    
   120.5000       32.50000       3.750371    
   120.5000       33.00000       3.690408    
   120.5000       33.50000       3.668432    
   120.5000       34.00000       3.668151    
   120.5000       34.50000       3.673805    
   120.5000       35.00000       3.684601    
   120.5000       35.50000       3.686901    
   121.0000       26.50000       3.940995    
   121.0000       27.00000       3.839437    
   121.0000       27.50000       3.775499    
   121.0000       28.00000       3.772845    
   121.0000       28.50000       3.798400    
   121.0000       29.00000       3.813910    
   121.0000       29.50000       3.813881    
   121.0000       30.00000       3.820052    
   121.0000       30.50000       3.831179    
   121.0000       31.00000       3.828055    
   121.0000       31.50000       3.815904    
   121.0000       32.00000       3.801351    
   121.0000       32.50000       3.756599    
   121.0000       33.00000       3.703477    
   121.0000       33.50000       3.677122    
   121.0000       34.00000       3.658687    
   121.0000       34.50000       3.654620    
   121.0000       35.00000       3.678670    
   121.0000       35.50000       3.705889    
   121.5000       26.50000       3.957819    
   121.5000       27.00000       3.860892    
   121.5000       27.50000       3.793556    
   121.5000       28.00000       3.766917    
   121.5000       28.50000       3.753970    
   121.5000       29.00000       3.754341    
   121.5000       29.50000       3.778910    
   121.5000       30.00000       3.826555    
   121.5000       30.50000       3.866893    
   121.5000       31.00000       3.861486    
   121.5000       31.50000       3.823350    
   121.5000       32.00000       3.791663    
   121.5000       32.50000       3.761280    
   121.5000       33.00000       3.732970    
   121.5000       33.50000       3.712940    
   121.5000       34.00000       3.685463    
   121.5000       34.50000       3.669774    
   121.5000       35.00000       3.687832    
   121.5000       35.50000       3.723460    
   122.0000       26.50000       3.897659    
   122.0000       27.00000       3.849318    
   122.0000       27.50000       3.819003    
   122.0000       28.00000       3.798342    
   122.0000       28.50000       3.760850    
   122.0000       29.00000       3.726712    
   122.0000       29.50000       3.734852    
   122.0000       30.00000       3.789882    
   122.0000       30.50000       3.845206    
   122.0000       31.00000       3.842991    
   122.0000       31.50000       3.796700    
   122.0000       32.00000       3.766528    
   122.0000       32.50000       3.761883    
   122.0000       33.00000       3.763125    
   122.0000       33.50000       3.759619    
   122.0000       34.00000       3.742300    
   122.0000       34.50000       3.721457    
   122.0000       35.00000       3.713854    
   122.0000       35.50000       3.730072    
   122.5000       26.50000       3.836046    
   122.5000       27.00000       3.823982    
   122.5000       27.50000       3.826731    
   122.5000       28.00000       3.828650    
   122.5000       28.50000       3.796540    
   122.5000       29.00000       3.740814    
   122.5000       29.50000       3.713935    
   122.5000       30.00000       3.738181    
   122.5000       30.50000       3.778266    
   122.5000       31.00000       3.783272    
   122.5000       31.50000       3.758607    
   122.5000       32.00000       3.751156    
   122.5000       32.50000       3.769774    
   122.5000       33.00000       3.788079    
   122.5000       33.50000       3.802673    
   122.5000       34.00000       3.812134    
   122.5000       34.50000       3.799184    
   122.5000       35.00000       3.763118    
   122.5000       35.50000       3.740267    
   123.0000       26.50000       3.812616    
   123.0000       27.00000       3.816432    
   123.0000       27.50000       3.819861    
   123.0000       28.00000       3.821257    
   123.0000       28.50000       3.798521    
   123.0000       29.00000       3.749329    
   123.0000       29.50000       3.715570    
   123.0000       30.00000       3.719256    
   123.0000       30.50000       3.737175    
   123.0000       31.00000       3.746765    
   123.0000       31.50000       3.750988    
   123.0000       32.00000       3.759957    
   123.0000       32.50000       3.778767    
   123.0000       33.00000       3.795974    
   123.0000       33.50000       3.825364    
   123.0000       34.00000       3.866293    
   123.0000       34.50000       3.870449    
   123.0000       35.00000       3.820287    
   123.0000       35.50000       3.765493    
