   115.0000       26.50000       3.689570    
   115.0000       27.00000       3.797913    
   115.0000       27.50000       3.894812    
   115.0000       28.00000       3.948935    
   115.0000       28.50000       3.935668    
   115.0000       29.00000       3.855919    
   115.0000       29.50000       3.758484    
   115.0000       30.00000       3.720051    
   115.0000       30.50000       3.739614    
   115.0000       31.00000       3.753531    
   115.0000       31.50000       3.752794    
   115.0000       32.00000       3.770722    
   115.0000       32.50000       3.813588    
   115.0000       33.00000       3.830218    
   115.0000       33.50000       3.789911    
   115.0000       34.00000       3.734774    
   115.0000       34.50000       3.709698    
   115.0000       35.00000       3.703099    
   115.0000       35.50000       3.677752    
   115.5000       26.50000       3.692613    
   115.5000       27.00000       3.795182    
   115.5000       27.50000       3.892736    
   115.5000       28.00000       3.931993    
   115.5000       28.50000       3.910380    
   115.5000       29.00000       3.849772    
   115.5000       29.50000       3.776395    
   115.5000       30.00000       3.741707    
   115.5000       30.50000       3.741924    
   115.5000       31.00000       3.730941    
   115.5000       31.50000       3.719146    
   115.5000       32.00000       3.736995    
   115.5000       32.50000       3.776870    
   115.5000       33.00000       3.788617    
   115.5000       33.50000       3.755690    
   115.5000       34.00000       3.716593    
   115.5000       34.50000       3.700950    
   115.5000       35.00000       3.696450    
   115.5000       35.50000       3.679180    
   116.0000       26.50000       3.694703    
   116.0000       27.00000       3.775994    
   116.0000       27.50000       3.862274    
   116.0000       28.00000       3.881637    
   116.0000       28.50000       3.850240    
   116.0000       29.00000       3.815022    
   116.0000       29.50000       3.780797    
   116.0000       30.00000       3.756874    
   116.0000       30.50000       3.737831    
   116.0000       31.00000       3.713040    
   116.0000       31.50000       3.701225    
   116.0000       32.00000       3.710487    
   116.0000       32.50000       3.726972    
   116.0000       33.00000       3.728835    
   116.0000       33.50000       3.719906    
   116.0000       34.00000       3.716326    
   116.0000       34.50000       3.718912    
   116.0000       35.00000       3.716646    
   116.0000       35.50000       3.706647    
   116.5000       26.50000       3.681351    
   116.5000       27.00000       3.746356    
   116.5000       27.50000       3.823807    
   116.5000       28.00000       3.833852    
   116.5000       28.50000       3.797027    
   116.5000       29.00000       3.777732    
   116.5000       29.50000       3.774482    
   116.5000       30.00000       3.765355    
   116.5000       30.50000       3.744491    
   116.5000       31.00000       3.722057    
   116.5000       31.50000       3.709892    
   116.5000       32.00000       3.700737    
   116.5000       32.50000       3.688795    
   116.5000       33.00000       3.686793    
   116.5000       33.50000       3.708709    
   116.5000       34.00000       3.738239    
   116.5000       34.50000       3.749139    
   116.5000       35.00000       3.738604    
   116.5000       35.50000       3.729082    
   117.0000       26.50000       3.677135    
   117.0000       27.00000       3.736324    
   117.0000       27.50000       3.805617    
   117.0000       28.00000       3.811191    
   117.0000       28.50000       3.773498    
   117.0000       29.00000       3.763578    
   117.0000       29.50000       3.780617    
   117.0000       30.00000       3.790215    
   117.0000       30.50000       3.785430    
   117.0000       31.00000       3.770005    
   117.0000       31.50000       3.745685    
   117.0000       32.00000       3.714411    
   117.0000       32.50000       3.688340    
   117.0000       33.00000       3.691864    
   117.0000       33.50000       3.728431    
   117.0000       34.00000       3.762934    
   117.0000       34.50000       3.761676    
   117.0000       35.00000       3.734395    
   117.0000       35.50000       3.722780    
   117.5000       26.50000       3.696813    
   117.5000       27.00000       3.762976    
   117.5000       27.50000       3.815360    
   117.5000       28.00000       3.805246    
   117.5000       28.50000       3.767254    
   117.5000       29.00000       3.770029    
   117.5000       29.50000       3.804114    
   117.5000       30.00000       3.827712    
   117.5000       30.50000       3.834354    
   117.5000       31.00000       3.819487    
   117.5000       31.50000       3.780275    
   117.5000       32.00000       3.735821    
   117.5000       32.50000       3.718236    
   117.5000       33.00000       3.737270    
   117.5000       33.50000       3.766179    
   117.5000       34.00000       3.774277    
   117.5000       34.50000       3.747062    
   117.5000       35.00000       3.705890    
   117.5000       35.50000       3.695009    
   118.0000       26.50000       3.719920    
   118.0000       27.00000       3.796809    
   118.0000       27.50000       3.821655    
   118.0000       28.00000       3.788401    
   118.0000       28.50000       3.753557    
   118.0000       29.00000       3.770410    
   118.0000       29.50000       3.813664    
   118.0000       30.00000       3.836787    
   118.0000       30.50000       3.838492    
   118.0000       31.00000       3.822589    
   118.0000       31.50000       3.782988    
   118.0000       32.00000       3.743524    
   118.0000       32.50000       3.752480    
   118.0000       33.00000       3.792501    
   118.0000       33.50000       3.801557    
   118.0000       34.00000       3.770114    
   118.0000       34.50000       3.719415    
   118.0000       35.00000       3.676961    
   118.0000       35.50000       3.671827    
   118.5000       26.50000       3.742186    
   118.5000       27.00000       3.811052    
   118.5000       27.50000       3.809148    
   118.5000       28.00000       3.764191    
   118.5000       28.50000       3.737263    
   118.5000       29.00000       3.755365    
   118.5000       29.50000       3.793384    
   118.5000       30.00000       3.811236    
   118.5000       30.50000       3.802958    
   118.5000       31.00000       3.787580    
   118.5000       31.50000       3.759764    
   118.5000       32.00000       3.738359    
   118.5000       32.50000       3.777060    
   118.5000       33.00000       3.831420    
   118.5000       33.50000       3.820906    
   118.5000       34.00000       3.760885    
   118.5000       34.50000       3.700552    
   118.5000       35.00000       3.667187    
   118.5000       35.50000       3.670644    
   119.0000       26.50000       3.765765    
   119.0000       27.00000       3.808132    
   119.0000       27.50000       3.801775    
   119.0000       28.00000       3.770653    
   119.0000       28.50000       3.751358    
   119.0000       29.00000       3.752153    
   119.0000       29.50000       3.772510    
   119.0000       30.00000       3.787740    
   119.0000       30.50000       3.772593    
   119.0000       31.00000       3.752291    
   119.0000       31.50000       3.737875    
   119.0000       32.00000       3.740659    
   119.0000       32.50000       3.792855    
   119.0000       33.00000       3.841269    
   119.0000       33.50000       3.821760    
   119.0000       34.00000       3.761665    
   119.0000       34.50000       3.710078    
   119.0000       35.00000       3.687671    
   119.0000       35.50000       3.694748    
   119.5000       26.50000       3.759530    
   119.5000       27.00000       3.775524    
   119.5000       27.50000       3.787981    
   119.5000       28.00000       3.794258    
   119.5000       28.50000       3.791966    
   119.5000       29.00000       3.777419    
   119.5000       29.50000       3.773228    
   119.5000       30.00000       3.777977    
   119.5000       30.50000       3.758348    
   119.5000       31.00000       3.731451    
   119.5000       31.50000       3.729411    
   119.5000       32.00000       3.754421    
   119.5000       32.50000       3.794382    
   119.5000       33.00000       3.818022    
   119.5000       33.50000       3.806314    
   119.5000       34.00000       3.776444    
   119.5000       34.50000       3.751109    
   119.5000       35.00000       3.738831    
   119.5000       35.50000       3.738702    
   120.0000       26.50000       3.731497    
   120.0000       27.00000       3.727333    
   120.0000       27.50000       3.753055    
   120.0000       28.00000       3.793869    
   120.0000       28.50000       3.821507    
   120.0000       29.00000       3.812171    
   120.0000       29.50000       3.787901    
   120.0000       30.00000       3.774245    
   120.0000       30.50000       3.754611    
   120.0000       31.00000       3.730744    
   120.0000       31.50000       3.734696    
   120.0000       32.00000       3.763834    
   120.0000       32.50000       3.777573    
   120.0000       33.00000       3.777991    
   120.0000       33.50000       3.783571    
   120.0000       34.00000       3.790571    
   120.0000       34.50000       3.795036    
   120.0000       35.00000       3.793928    
   120.0000       35.50000       3.783703    
   120.5000       26.50000       3.746256    
   120.5000       27.00000       3.717567    
   120.5000       27.50000       3.727463    
   120.5000       28.00000       3.775945    
   120.5000       28.50000       3.829708    
   120.5000       29.00000       3.840382    
   120.5000       29.50000       3.811469    
   120.5000       30.00000       3.785765    
   120.5000       30.50000       3.775764    
   120.5000       31.00000       3.764199    
   120.5000       31.50000       3.756870    
   120.5000       32.00000       3.764946    
   120.5000       32.50000       3.762751    
   120.5000       33.00000       3.761035    
   120.5000       33.50000       3.775822    
   120.5000       34.00000       3.793281    
   120.5000       34.50000       3.809477    
   120.5000       35.00000       3.817767    
   120.5000       35.50000       3.807664    
   121.0000       26.50000       3.790265    
   121.0000       27.00000       3.735116    
   121.0000       27.50000       3.720536    
   121.0000       28.00000       3.757611    
   121.0000       28.50000       3.815020    
   121.0000       29.00000       3.838901    
   121.0000       29.50000       3.820272    
   121.0000       30.00000       3.801896    
   121.0000       30.50000       3.816003    
   121.0000       31.00000       3.819083    
   121.0000       31.50000       3.787586    
   121.0000       32.00000       3.767957    
   121.0000       32.50000       3.774186    
   121.0000       33.00000       3.790098    
   121.0000       33.50000       3.797762    
   121.0000       34.00000       3.794461    
   121.0000       34.50000       3.799963    
   121.0000       35.00000       3.809783    
   121.0000       35.50000       3.808703    
   121.5000       26.50000       3.795800    
   121.5000       27.00000       3.741702    
   121.5000       27.50000       3.730919    
   121.5000       28.00000       3.754059    
   121.5000       28.50000       3.782292    
   121.5000       29.00000       3.791039    
   121.5000       29.50000       3.780854    
   121.5000       30.00000       3.785834    
   121.5000       30.50000       3.834294    
   121.5000       31.00000       3.847816    
   121.5000       31.50000       3.796825    
   121.5000       32.00000       3.771869    
   121.5000       32.50000       3.807175    
   121.5000       33.00000       3.842918    
   121.5000       33.50000       3.835350    
   121.5000       34.00000       3.806638    
   121.5000       34.50000       3.795436    
   121.5000       35.00000       3.796376    
   121.5000       35.50000       3.799694    
   122.0000       26.50000       3.781230    
   122.0000       27.00000       3.764194    
   122.0000       27.50000       3.779029    
   122.0000       28.00000       3.785460    
   122.0000       28.50000       3.768812    
   122.0000       29.00000       3.745280    
   122.0000       29.50000       3.725755    
   122.0000       30.00000       3.742059    
   122.0000       30.50000       3.813423    
   122.0000       31.00000       3.830632    
   122.0000       31.50000       3.773783    
   122.0000       32.00000       3.769475    
   122.0000       32.50000       3.837546    
   122.0000       33.00000       3.883124    
   122.0000       33.50000       3.866326    
   122.0000       34.00000       3.829949    
   122.0000       34.50000       3.809365    
   122.0000       35.00000       3.794331    
   122.0000       35.50000       3.789382    
   122.5000       26.50000       3.786876    
   122.5000       27.00000       3.809010    
   122.5000       27.50000       3.832717    
   122.5000       28.00000       3.815944    
   122.5000       28.50000       3.777904    
   122.5000       29.00000       3.749554    
   122.5000       29.50000       3.719695    
   122.5000       30.00000       3.720759    
   122.5000       30.50000       3.782227    
   122.5000       31.00000       3.798708    
   122.5000       31.50000       3.752812    
   122.5000       32.00000       3.770962    
   122.5000       32.50000       3.850642    
   122.5000       33.00000       3.894979    
   122.5000       33.50000       3.883372    
   122.5000       34.00000       3.856563    
   122.5000       34.50000       3.831881    
   122.5000       35.00000       3.800743    
   122.5000       35.50000       3.781606    
   123.0000       26.50000       3.784817    
   123.0000       27.00000       3.826234    
   123.0000       27.50000       3.835850    
   123.0000       28.00000       3.804437    
   123.0000       28.50000       3.779481    
   123.0000       29.00000       3.775400    
   123.0000       29.50000       3.753541    
   123.0000       30.00000       3.741422    
   123.0000       30.50000       3.775266    
   123.0000       31.00000       3.789467    
   123.0000       31.50000       3.765590    
   123.0000       32.00000       3.786289    
   123.0000       32.50000       3.844838    
   123.0000       33.00000       3.880365    
   123.0000       33.50000       3.887251    
   123.0000       34.00000       3.877516    
   123.0000       34.50000       3.847234    
   123.0000       35.00000       3.803996    
   123.0000       35.50000       3.776555    
