   115.0000       26.50000       3.871203    
   115.0000       27.00000       3.919219    
   115.0000       27.50000       3.929382    
   115.0000       28.00000       3.889692    
   115.0000       28.50000       3.846391    
   115.0000       29.00000       3.825490    
   115.0000       29.50000       3.812242    
   115.0000       30.00000       3.826139    
   115.0000       30.50000       3.862866    
   115.0000       31.00000       3.875232    
   115.0000       31.50000       3.883116    
   115.0000       32.00000       3.907748    
   115.0000       32.50000       3.898239    
   115.0000       33.00000       3.841922    
   115.0000       33.50000       3.808244    
   115.0000       34.00000       3.831485    
   115.0000       34.50000       3.870174    
   115.0000       35.00000       3.881669    
   115.0000       35.50000       3.868542    
   115.5000       26.50000       3.870555    
   115.5000       27.00000       3.906405    
   115.5000       27.50000       3.920103    
   115.5000       28.00000       3.899985    
   115.5000       28.50000       3.874444    
   115.5000       29.00000       3.858243    
   115.5000       29.50000       3.839941    
   115.5000       30.00000       3.841618    
   115.5000       30.50000       3.856102    
   115.5000       31.00000       3.854678    
   115.5000       31.50000       3.861001    
   115.5000       32.00000       3.876472    
   115.5000       32.50000       3.854503    
   115.5000       33.00000       3.807887    
   115.5000       33.50000       3.808795    
   115.5000       34.00000       3.862202    
   115.5000       34.50000       3.904938    
   115.5000       35.00000       3.906412    
   115.5000       35.50000       3.888353    
   116.0000       26.50000       3.877944    
   116.0000       27.00000       3.888315    
   116.0000       27.50000       3.886797    
   116.0000       28.00000       3.880180    
   116.0000       28.50000       3.877918    
   116.0000       29.00000       3.868993    
   116.0000       29.50000       3.841830    
   116.0000       30.00000       3.827774    
   116.0000       30.50000       3.827082    
   116.0000       31.00000       3.822748    
   116.0000       31.50000       3.829043    
   116.0000       32.00000       3.838592    
   116.0000       32.50000       3.824844    
   116.0000       33.00000       3.809221    
   116.0000       33.50000       3.837953    
   116.0000       34.00000       3.893026    
   116.0000       34.50000       3.919493    
   116.0000       35.00000       3.911619    
   116.0000       35.50000       3.898906    
   116.5000       26.50000       3.884909    
   116.5000       27.00000       3.881108    
   116.5000       27.50000       3.867448    
   116.5000       28.00000       3.860841    
   116.5000       28.50000       3.866246    
   116.5000       29.00000       3.859664    
   116.5000       29.50000       3.827848    
   116.5000       30.00000       3.805869    
   116.5000       30.50000       3.801778    
   116.5000       31.00000       3.800375    
   116.5000       31.50000       3.806857    
   116.5000       32.00000       3.821804    
   116.5000       32.50000       3.835939    
   116.5000       33.00000       3.851514    
   116.5000       33.50000       3.881208    
   116.5000       34.00000       3.908611    
   116.5000       34.50000       3.909524    
   116.5000       35.00000       3.897984    
   116.5000       35.50000       3.894416    
   117.0000       26.50000       3.857332    
   117.0000       27.00000       3.860431    
   117.0000       27.50000       3.863021    
   117.0000       28.00000       3.859740    
   117.0000       28.50000       3.859507    
   117.0000       29.00000       3.852539    
   117.0000       29.50000       3.830125    
   117.0000       30.00000       3.815565    
   117.0000       30.50000       3.813507    
   117.0000       31.00000       3.807784    
   117.0000       31.50000       3.809216    
   117.0000       32.00000       3.834517    
   117.0000       32.50000       3.876555    
   117.0000       33.00000       3.909130    
   117.0000       33.50000       3.923210    
   117.0000       34.00000       3.918233    
   117.0000       34.50000       3.898805    
   117.0000       35.00000       3.883809    
   117.0000       35.50000       3.880770    
   117.5000       26.50000       3.818389    
   117.5000       27.00000       3.833536    
   117.5000       27.50000       3.864517    
   117.5000       28.00000       3.870681    
   117.5000       28.50000       3.862672    
   117.5000       29.00000       3.857156    
   117.5000       29.50000       3.852231    
   117.5000       30.00000       3.850182    
   117.5000       30.50000       3.843770    
   117.5000       31.00000       3.822143    
   117.5000       31.50000       3.819112    
   117.5000       32.00000       3.854693    
   117.5000       32.50000       3.906512    
   117.5000       33.00000       3.940337    
   117.5000       33.50000       3.944398    
   117.5000       34.00000       3.927243    
   117.5000       34.50000       3.902961    
   117.5000       35.00000       3.884474    
   117.5000       35.50000       3.875464    
   118.0000       26.50000       3.828324    
   118.0000       27.00000       3.849400    
   118.0000       27.50000       3.883424    
   118.0000       28.00000       3.881597    
   118.0000       28.50000       3.859401    
   118.0000       29.00000       3.850489    
   118.0000       29.50000       3.853732    
   118.0000       30.00000       3.859326    
   118.0000       30.50000       3.846601    
   118.0000       31.00000       3.812088    
   118.0000       31.50000       3.814209    
   118.0000       32.00000       3.854580    
   118.0000       32.50000       3.890572    
   118.0000       33.00000       3.912297    
   118.0000       33.50000       3.922199    
   118.0000       34.00000       3.920199    
   118.0000       34.50000       3.907996    
   118.0000       35.00000       3.892292    
   118.0000       35.50000       3.883058    
   118.5000       26.50000       3.863872    
   118.5000       27.00000       3.890874    
   118.5000       27.50000       3.900103    
   118.5000       28.00000       3.873612    
   118.5000       28.50000       3.843716    
   118.5000       29.00000       3.834546    
   118.5000       29.50000       3.832431    
   118.5000       30.00000       3.837544    
   118.5000       30.50000       3.828609    
   118.5000       31.00000       3.799375    
   118.5000       31.50000       3.808367    
   118.5000       32.00000       3.834347    
   118.5000       32.50000       3.832395    
   118.5000       33.00000       3.834479    
   118.5000       33.50000       3.860062    
   118.5000       34.00000       3.887527    
   118.5000       34.50000       3.897498    
   118.5000       35.00000       3.894850    
   118.5000       35.50000       3.894150    
   119.0000       26.50000       3.857717    
   119.0000       27.00000       3.898310    
   119.0000       27.50000       3.882848    
   119.0000       28.00000       3.838395    
   119.0000       28.50000       3.827992    
   119.0000       29.00000       3.842810    
   119.0000       29.50000       3.837304    
   119.0000       30.00000       3.833245    
   119.0000       30.50000       3.830691    
   119.0000       31.00000       3.816011    
   119.0000       31.50000       3.820362    
   119.0000       32.00000       3.811926    
   119.0000       32.50000       3.767593    
   119.0000       33.00000       3.753648    
   119.0000       33.50000       3.793337    
   119.0000       34.00000       3.843684    
   119.0000       34.50000       3.875250    
   119.0000       35.00000       3.892725    
   119.0000       35.50000       3.900845    
   119.5000       26.50000       3.835525    
   119.5000       27.00000       3.886652    
   119.5000       27.50000       3.857515    
   119.5000       28.00000       3.808772    
   119.5000       28.50000       3.828433    
   119.5000       29.00000       3.874514    
   119.5000       29.50000       3.870421    
   119.5000       30.00000       3.854639    
   119.5000       30.50000       3.849841    
   119.5000       31.00000       3.841269    
   119.5000       31.50000       3.831940    
   119.5000       32.00000       3.794752    
   119.5000       32.50000       3.730916    
   119.5000       33.00000       3.711006    
   119.5000       33.50000       3.751247    
   119.5000       34.00000       3.804738    
   119.5000       34.50000       3.847026    
   119.5000       35.00000       3.878197    
   119.5000       35.50000       3.886729    
   120.0000       26.50000       3.857820    
   120.0000       27.00000       3.893903    
   120.0000       27.50000       3.859749    
   120.0000       28.00000       3.821452    
   120.0000       28.50000       3.853874    
   120.0000       29.00000       3.899302    
   120.0000       29.50000       3.885578    
   120.0000       30.00000       3.862889    
   120.0000       30.50000       3.858620    
   120.0000       31.00000       3.851484    
   120.0000       31.50000       3.830619    
   120.0000       32.00000       3.791562    
   120.0000       32.50000       3.740795    
   120.0000       33.00000       3.717766    
   120.0000       33.50000       3.736694    
   120.0000       34.00000       3.773572    
   120.0000       34.50000       3.811670    
   120.0000       35.00000       3.838656    
   120.0000       35.50000       3.837885    
   120.5000       26.50000       3.903017    
   120.5000       27.00000       3.894258    
   120.5000       27.50000       3.859133    
   120.5000       28.00000       3.843347    
   120.5000       28.50000       3.874348    
   120.5000       29.00000       3.895887    
   120.5000       29.50000       3.868707    
   120.5000       30.00000       3.847172    
   120.5000       30.50000       3.857602    
   120.5000       31.00000       3.862561    
   120.5000       31.50000       3.839466    
   120.5000       32.00000       3.815398    
   120.5000       32.50000       3.787848    
   120.5000       33.00000       3.757298    
   120.5000       33.50000       3.743305    
   120.5000       34.00000       3.753358    
   120.5000       34.50000       3.778017    
   120.5000       35.00000       3.794332    
   120.5000       35.50000       3.787738    
   121.0000       26.50000       3.926506    
   121.0000       27.00000       3.864516    
   121.0000       27.50000       3.819986    
   121.0000       28.00000       3.817911    
   121.0000       28.50000       3.844148    
   121.0000       29.00000       3.855982    
   121.0000       29.50000       3.840980    
   121.0000       30.00000       3.837464    
   121.0000       30.50000       3.869179    
   121.0000       31.00000       3.890246    
   121.0000       31.50000       3.867143    
   121.0000       32.00000       3.848712    
   121.0000       32.50000       3.832020    
   121.0000       33.00000       3.798404    
   121.0000       33.50000       3.763372    
   121.0000       34.00000       3.747541    
   121.0000       34.50000       3.756154    
   121.0000       35.00000       3.773284    
   121.0000       35.50000       3.781498    
   121.5000       26.50000       3.931874    
   121.5000       27.00000       3.842323    
   121.5000       27.50000       3.786864    
   121.5000       28.00000       3.778356    
   121.5000       28.50000       3.791673    
   121.5000       29.00000       3.806960    
   121.5000       29.50000       3.819225    
   121.5000       30.00000       3.836873    
   121.5000       30.50000       3.877801    
   121.5000       31.00000       3.904318    
   121.5000       31.50000       3.880761    
   121.5000       32.00000       3.857706    
   121.5000       32.50000       3.845404    
   121.5000       33.00000       3.823984    
   121.5000       33.50000       3.791235    
   121.5000       34.00000       3.759232    
   121.5000       34.50000       3.748947    
   121.5000       35.00000       3.765617    
   121.5000       35.50000       3.793734    
   122.0000       26.50000       3.934122    
   122.0000       27.00000       3.858193    
   122.0000       27.50000       3.808727    
   122.0000       28.00000       3.788069    
   122.0000       28.50000       3.783540    
   122.0000       29.00000       3.793105    
   122.0000       29.50000       3.805959    
   122.0000       30.00000       3.817673    
   122.0000       30.50000       3.845306    
   122.0000       31.00000       3.866099    
   122.0000       31.50000       3.850435    
   122.0000       32.00000       3.835719    
   122.0000       32.50000       3.838870    
   122.0000       33.00000       3.843195    
   122.0000       33.50000       3.832056    
   122.0000       34.00000       3.801377    
   122.0000       34.50000       3.771458    
   122.0000       35.00000       3.759865    
   122.0000       35.50000       3.770656    
   122.5000       26.50000       3.940046    
   122.5000       27.00000       3.890941    
   122.5000       27.50000       3.854999    
   122.5000       28.00000       3.830367    
   122.5000       28.50000       3.821800    
   122.5000       29.00000       3.821674    
   122.5000       29.50000       3.809048    
   122.5000       30.00000       3.795661    
   122.5000       30.50000       3.796475    
   122.5000       31.00000       3.800428    
   122.5000       31.50000       3.793784    
   122.5000       32.00000       3.798542    
   122.5000       32.50000       3.826730    
   122.5000       33.00000       3.860770    
   122.5000       33.50000       3.878188    
   122.5000       34.00000       3.866090    
   122.5000       34.50000       3.830021    
   122.5000       35.00000       3.778146    
   122.5000       35.50000       3.735651    
   123.0000       26.50000       3.951921    
   123.0000       27.00000       3.912062    
   123.0000       27.50000       3.880661    
   123.0000       28.00000       3.860844    
   123.0000       28.50000       3.865352    
   123.0000       29.00000       3.864093    
   123.0000       29.50000       3.833971    
   123.0000       30.00000       3.809890    
   123.0000       30.50000       3.790147    
   123.0000       31.00000       3.771142    
   123.0000       31.50000       3.761561    
   123.0000       32.00000       3.770082    
   123.0000       32.50000       3.809521    
   123.0000       33.00000       3.863872    
   123.0000       33.50000       3.903003    
   123.0000       34.00000       3.913517    
   123.0000       34.50000       3.892435    
   123.0000       35.00000       3.831428    
   123.0000       35.50000       3.754922    
