   115.0000       26.50000       3.541343    
   115.0000       27.00000       3.554888    
   115.0000       27.50000       3.551049    
   115.0000       28.00000       3.548733    
   115.0000       28.50000       3.572689    
   115.0000       29.00000       3.624364    
   115.0000       29.50000       3.619537    
   115.0000       30.00000       3.526531    
   115.0000       30.50000       3.466416    
   115.0000       31.00000       3.505236    
   115.0000       31.50000       3.538833    
   115.0000       32.00000       3.508592    
   115.0000       32.50000       3.523536    
   115.0000       33.00000       3.603864    
   115.0000       33.50000       3.607645    
   115.0000       34.00000       3.531044    
   115.0000       34.50000       3.498569    
   115.0000       35.00000       3.523944    
   115.0000       35.50000       3.565604    
   115.5000       26.50000       3.531152    
   115.5000       27.00000       3.557582    
   115.5000       27.50000       3.569564    
   115.5000       28.00000       3.577435    
   115.5000       28.50000       3.597296    
   115.5000       29.00000       3.635416    
   115.5000       29.50000       3.622678    
   115.5000       30.00000       3.526917    
   115.5000       30.50000       3.460495    
   115.5000       31.00000       3.477833    
   115.5000       31.50000       3.485323    
   115.5000       32.00000       3.463362    
   115.5000       32.50000       3.513498    
   115.5000       33.00000       3.590806    
   115.5000       33.50000       3.556747    
   115.5000       34.00000       3.479217    
   115.5000       34.50000       3.489957    
   115.5000       35.00000       3.549741    
   115.5000       35.50000       3.584393    
   116.0000       26.50000       3.516670    
   116.0000       27.00000       3.557895    
   116.0000       27.50000       3.590675    
   116.0000       28.00000       3.601063    
   116.0000       28.50000       3.600405    
   116.0000       29.00000       3.616340    
   116.0000       29.50000       3.605119    
   116.0000       30.00000       3.526904    
   116.0000       30.50000       3.466938    
   116.0000       31.00000       3.464201    
   116.0000       31.50000       3.447919    
   116.0000       32.00000       3.436602    
   116.0000       32.50000       3.504352    
   116.0000       33.00000       3.554646    
   116.0000       33.50000       3.491390    
   116.0000       34.00000       3.438190    
   116.0000       34.50000       3.487617    
   116.0000       35.00000       3.551086    
   116.0000       35.50000       3.561754    
   116.5000       26.50000       3.505227    
   116.5000       27.00000       3.545646    
   116.5000       27.50000       3.597673    
   116.5000       28.00000       3.613672    
   116.5000       28.50000       3.590851    
   116.5000       29.00000       3.584012    
   116.5000       29.50000       3.585024    
   116.5000       30.00000       3.544146    
   116.5000       30.50000       3.504935    
   116.5000       31.00000       3.487931    
   116.5000       31.50000       3.452496    
   116.5000       32.00000       3.447057    
   116.5000       32.50000       3.509058    
   116.5000       33.00000       3.519413    
   116.5000       33.50000       3.443619    
   116.5000       34.00000       3.423779    
   116.5000       34.50000       3.491022    
   116.5000       35.00000       3.538162    
   116.5000       35.50000       3.532309    
   117.0000       26.50000       3.503097    
   117.0000       27.00000       3.525281    
   117.0000       27.50000       3.582734    
   117.0000       28.00000       3.612309    
   117.0000       28.50000       3.590092    
   117.0000       29.00000       3.578343    
   117.0000       29.50000       3.596584    
   117.0000       30.00000       3.593146    
   117.0000       30.50000       3.572529    
   117.0000       31.00000       3.541971    
   117.0000       31.50000       3.494548    
   117.0000       32.00000       3.489255    
   117.0000       32.50000       3.525556    
   117.0000       33.00000       3.499516    
   117.0000       33.50000       3.433641    
   117.0000       34.00000       3.444864    
   117.0000       34.50000       3.510324    
   117.0000       35.00000       3.539572    
   117.0000       35.50000       3.530854    
   117.5000       26.50000       3.505776    
   117.5000       27.00000       3.524374    
   117.5000       27.50000       3.573524    
   117.5000       28.00000       3.604937    
   117.5000       28.50000       3.597032    
   117.5000       29.00000       3.599612    
   117.5000       29.50000       3.628520    
   117.5000       30.00000       3.636451    
   117.5000       30.50000       3.616832    
   117.5000       31.00000       3.577420    
   117.5000       31.50000       3.533150    
   117.5000       32.00000       3.527428    
   117.5000       32.50000       3.533178    
   117.5000       33.00000       3.492809    
   117.5000       33.50000       3.458368    
   117.5000       34.00000       3.490453    
   117.5000       34.50000       3.539118    
   117.5000       35.00000       3.550972    
   117.5000       35.50000       3.539828    
   118.0000       26.50000       3.517058    
   118.0000       27.00000       3.559838    
   118.0000       27.50000       3.594600    
   118.0000       28.00000       3.596633    
   118.0000       28.50000       3.583397    
   118.0000       29.00000       3.597684    
   118.0000       29.50000       3.626205    
   118.0000       30.00000       3.622002    
   118.0000       30.50000       3.590818    
   118.0000       31.00000       3.551391    
   118.0000       31.50000       3.526333    
   118.0000       32.00000       3.530470    
   118.0000       32.50000       3.525033    
   118.0000       33.00000       3.496394    
   118.0000       33.50000       3.492796    
   118.0000       34.00000       3.523324    
   118.0000       34.50000       3.543112    
   118.0000       35.00000       3.535558    
   118.0000       35.50000       3.519325    
   118.5000       26.50000       3.536731    
   118.5000       27.00000       3.598459    
   118.5000       27.50000       3.619742    
   118.5000       28.00000       3.582673    
   118.5000       28.50000       3.545333    
   118.5000       29.00000       3.557528    
   118.5000       29.50000       3.585373    
   118.5000       30.00000       3.572456    
   118.5000       30.50000       3.527446    
   118.5000       31.00000       3.486205    
   118.5000       31.50000       3.484887    
   118.5000       32.00000       3.515656    
   118.5000       32.50000       3.525547    
   118.5000       33.00000       3.510889    
   118.5000       33.50000       3.506047    
   118.5000       34.00000       3.510270    
   118.5000       34.50000       3.506036    
   118.5000       35.00000       3.493044    
   118.5000       35.50000       3.481512    
   119.0000       26.50000       3.552420    
   119.0000       27.00000       3.604370    
   119.0000       27.50000       3.618335    
   119.0000       28.00000       3.569208    
   119.0000       28.50000       3.519047    
   119.0000       29.00000       3.525677    
   119.0000       29.50000       3.564236    
   119.0000       30.00000       3.563104    
   119.0000       30.50000       3.508878    
   119.0000       31.00000       3.456465    
   119.0000       31.50000       3.469705    
   119.0000       32.00000       3.526357    
   119.0000       32.50000       3.548944    
   119.0000       33.00000       3.522660    
   119.0000       33.50000       3.486928    
   119.0000       34.00000       3.466681    
   119.0000       34.50000       3.465616    
   119.0000       35.00000       3.471878    
   119.0000       35.50000       3.473578    
   119.5000       26.50000       3.578128    
   119.5000       27.00000       3.599216    
   119.5000       27.50000       3.602975    
   119.5000       28.00000       3.568482    
   119.5000       28.50000       3.529763    
   119.5000       29.00000       3.535282    
   119.5000       29.50000       3.584359    
   119.5000       30.00000       3.602524    
   119.5000       30.50000       3.550932    
   119.5000       31.00000       3.490378    
   119.5000       31.50000       3.502692    
   119.5000       32.00000       3.559241    
   119.5000       32.50000       3.567075    
   119.5000       33.00000       3.511982    
   119.5000       33.50000       3.455838    
   119.5000       34.00000       3.438689    
   119.5000       34.50000       3.457778    
   119.5000       35.00000       3.485568    
   119.5000       35.50000       3.495140    
   120.0000       26.50000       3.622363    
   120.0000       27.00000       3.605663    
   120.0000       27.50000       3.588971    
   120.0000       28.00000       3.572019    
   120.0000       28.50000       3.558612    
   120.0000       29.00000       3.565407    
   120.0000       29.50000       3.602563    
   120.0000       30.00000       3.623630    
   120.0000       30.50000       3.591542    
   120.0000       31.00000       3.540551    
   120.0000       31.50000       3.538628    
   120.0000       32.00000       3.575263    
   120.0000       32.50000       3.564446    
   120.0000       33.00000       3.496202    
   120.0000       33.50000       3.445287    
   120.0000       34.00000       3.439306    
   120.0000       34.50000       3.458897    
   120.0000       35.00000       3.485236    
   120.0000       35.50000       3.498654    
   120.5000       26.50000       3.628550    
   120.5000       27.00000       3.595403    
   120.5000       27.50000       3.571992    
   120.5000       28.00000       3.571506    
   120.5000       28.50000       3.582078    
   120.5000       29.00000       3.585925    
   120.5000       29.50000       3.587601    
   120.5000       30.00000       3.595493    
   120.5000       30.50000       3.598895    
   120.5000       31.00000       3.570438    
   120.5000       31.50000       3.542431    
   120.5000       32.00000       3.559318    
   120.5000       32.50000       3.559812    
   120.5000       33.00000       3.508824    
   120.5000       33.50000       3.465634    
   120.5000       34.00000       3.447626    
   120.5000       34.50000       3.439018    
   120.5000       35.00000       3.447153    
   120.5000       35.50000       3.469062    
   121.0000       26.50000       3.572071    
   121.0000       27.00000       3.559485    
   121.0000       27.50000       3.558124    
   121.0000       28.00000       3.580531    
   121.0000       28.50000       3.606717    
   121.0000       29.00000       3.600933    
   121.0000       29.50000       3.567908    
   121.0000       30.00000       3.567353    
   121.0000       30.50000       3.605947    
   121.0000       31.00000       3.591254    
   121.0000       31.50000       3.526934    
   121.0000       32.00000       3.522617    
   121.0000       32.50000       3.554868    
   121.0000       33.00000       3.542165    
   121.0000       33.50000       3.502497    
   121.0000       34.00000       3.460677    
   121.0000       34.50000       3.424249    
   121.0000       35.00000       3.418205    
   121.0000       35.50000       3.447881    
   121.5000       26.50000       3.523304    
   121.5000       27.00000       3.530794    
   121.5000       27.50000       3.554881    
   121.5000       28.00000       3.602009    
   121.5000       28.50000       3.639276    
   121.5000       29.00000       3.628572    
   121.5000       29.50000       3.585836    
   121.5000       30.00000       3.588314    
   121.5000       30.50000       3.638587    
   121.5000       31.00000       3.618941    
   121.5000       31.50000       3.522063    
   121.5000       32.00000       3.488656    
   121.5000       32.50000       3.539411    
   121.5000       33.00000       3.567397    
   121.5000       33.50000       3.541460    
   121.5000       34.00000       3.492539    
   121.5000       34.50000       3.449312    
   121.5000       35.00000       3.439369    
   121.5000       35.50000       3.468318    
   122.0000       26.50000       3.518093    
   122.0000       27.00000       3.515325    
   122.0000       27.50000       3.552821    
   122.0000       28.00000       3.619349    
   122.0000       28.50000       3.661088    
   122.0000       29.00000       3.647602    
   122.0000       29.50000       3.610914    
   122.0000       30.00000       3.619056    
   122.0000       30.50000       3.667532    
   122.0000       31.00000       3.653344    
   122.0000       31.50000       3.551116    
   122.0000       32.00000       3.485515    
   122.0000       32.50000       3.523701    
   122.0000       33.00000       3.577183    
   122.0000       33.50000       3.576371    
   122.0000       34.00000       3.537942    
   122.0000       34.50000       3.496964    
   122.0000       35.00000       3.482334    
   122.0000       35.50000       3.504164    
   122.5000       26.50000       3.509191    
   122.5000       27.00000       3.496900    
   122.5000       27.50000       3.549778    
   122.5000       28.00000       3.624495    
   122.5000       28.50000       3.648439    
   122.5000       29.00000       3.614792    
   122.5000       29.50000       3.578675    
   122.5000       30.00000       3.593467    
   122.5000       30.50000       3.656863    
   122.5000       31.00000       3.686138    
   122.5000       31.50000       3.613017    
   122.5000       32.00000       3.520189    
   122.5000       32.50000       3.521858    
   122.5000       33.00000       3.578578    
   122.5000       33.50000       3.602922    
   122.5000       34.00000       3.579777    
   122.5000       34.50000       3.534443    
   122.5000       35.00000       3.502559    
   122.5000       35.50000       3.510307    
   123.0000       26.50000       3.477322    
   123.0000       27.00000       3.487649    
   123.0000       27.50000       3.563425    
   123.0000       28.00000       3.630569    
   123.0000       28.50000       3.616887    
   123.0000       29.00000       3.549836    
   123.0000       29.50000       3.509316    
   123.0000       30.00000       3.536339    
   123.0000       30.50000       3.628716    
   123.0000       31.00000       3.710798    
   123.0000       31.50000       3.675518    
   123.0000       32.00000       3.568247    
   123.0000       32.50000       3.531912    
   123.0000       33.00000       3.574964    
   123.0000       33.50000       3.616141    
   123.0000       34.00000       3.611897    
   123.0000       34.50000       3.564141    
   123.0000       35.00000       3.508030    
   123.0000       35.50000       3.489228    
