   115.0000       26.50000       3.904932    
   115.0000       27.00000       3.911965    
   115.0000       27.50000       3.913473    
   115.0000       28.00000       3.924561    
   115.0000       28.50000       3.930765    
   115.0000       29.00000       3.926314    
   115.0000       29.50000       3.922236    
   115.0000       30.00000       3.930453    
   115.0000       30.50000       3.942618    
   115.0000       31.00000       3.948684    
   115.0000       31.50000       3.940536    
   115.0000       32.00000       3.913392    
   115.0000       32.50000       3.893051    
   115.0000       33.00000       3.891633    
   115.0000       33.50000       3.888917    
   115.0000       34.00000       3.897801    
   115.0000       34.50000       3.931865    
   115.0000       35.00000       3.946190    
   115.0000       35.50000       3.890385    
   115.5000       26.50000       3.926127    
   115.5000       27.00000       3.925199    
   115.5000       27.50000       3.912727    
   115.5000       28.00000       3.918934    
   115.5000       28.50000       3.938341    
   115.5000       29.00000       3.940435    
   115.5000       29.50000       3.932718    
   115.5000       30.00000       3.945450    
   115.5000       30.50000       3.952238    
   115.5000       31.00000       3.926109    
   115.5000       31.50000       3.894210    
   115.5000       32.00000       3.880111    
   115.5000       32.50000       3.880544    
   115.5000       33.00000       3.876817    
   115.5000       33.50000       3.860353    
   115.5000       34.00000       3.864107    
   115.5000       34.50000       3.897346    
   115.5000       35.00000       3.900652    
   115.5000       35.50000       3.839072    
   116.0000       26.50000       3.937659    
   116.0000       27.00000       3.936566    
   116.0000       27.50000       3.912705    
   116.0000       28.00000       3.902175    
   116.0000       28.50000       3.916430    
   116.0000       29.00000       3.915706    
   116.0000       29.50000       3.907864    
   116.0000       30.00000       3.929725    
   116.0000       30.50000       3.934928    
   116.0000       31.00000       3.891093    
   116.0000       31.50000       3.856221    
   116.0000       32.00000       3.863814    
   116.0000       32.50000       3.878031    
   116.0000       33.00000       3.866628    
   116.0000       33.50000       3.843674    
   116.0000       34.00000       3.847107    
   116.0000       34.50000       3.870338    
   116.0000       35.00000       3.853986    
   116.0000       35.50000       3.790736    
   116.5000       26.50000       3.929210    
   116.5000       27.00000       3.939078    
   116.5000       27.50000       3.913002    
   116.5000       28.00000       3.884070    
   116.5000       28.50000       3.883589    
   116.5000       29.00000       3.880540    
   116.5000       29.50000       3.879583    
   116.5000       30.00000       3.906711    
   116.5000       30.50000       3.908203    
   116.5000       31.00000       3.864929    
   116.5000       31.50000       3.846213    
   116.5000       32.00000       3.871811    
   116.5000       32.50000       3.888726    
   116.5000       33.00000       3.872686    
   116.5000       33.50000       3.852049    
   116.5000       34.00000       3.850874    
   116.5000       34.50000       3.853842    
   116.5000       35.00000       3.821190    
   116.5000       35.50000       3.767593    
   117.0000       26.50000       3.924845    
   117.0000       27.00000       3.944249    
   117.0000       27.50000       3.921751    
   117.0000       28.00000       3.883861    
   117.0000       28.50000       3.868392    
   117.0000       29.00000       3.865180    
   117.0000       29.50000       3.875249    
   117.0000       30.00000       3.897756    
   117.0000       30.50000       3.887692    
   117.0000       31.00000       3.854059    
   117.0000       31.50000       3.858090    
   117.0000       32.00000       3.893589    
   117.0000       32.50000       3.905360    
   117.0000       33.00000       3.887048    
   117.0000       33.50000       3.869907    
   117.0000       34.00000       3.857865    
   117.0000       34.50000       3.838977    
   117.0000       35.00000       3.800945    
   117.0000       35.50000       3.767391    
   117.5000       26.50000       3.931147    
   117.5000       27.00000       3.948938    
   117.5000       27.50000       3.933798    
   117.5000       28.00000       3.900932    
   117.5000       28.50000       3.874059    
   117.5000       29.00000       3.862338    
   117.5000       29.50000       3.874152    
   117.5000       30.00000       3.888664    
   117.5000       30.50000       3.870948    
   117.5000       31.00000       3.850302    
   117.5000       31.50000       3.874049    
   117.5000       32.00000       3.914687    
   117.5000       32.50000       3.918977    
   117.5000       33.00000       3.896315    
   117.5000       33.50000       3.879770    
   117.5000       34.00000       3.859267    
   117.5000       34.50000       3.826704    
   117.5000       35.00000       3.791296    
   117.5000       35.50000       3.779224    
   118.0000       26.50000       3.918592    
   118.0000       27.00000       3.930430    
   118.0000       27.50000       3.929163    
   118.0000       28.00000       3.916076    
   118.0000       28.50000       3.890743    
   118.0000       29.00000       3.864624    
   118.0000       29.50000       3.861016    
   118.0000       30.00000       3.868928    
   118.0000       30.50000       3.859403    
   118.0000       31.00000       3.854267    
   118.0000       31.50000       3.887446    
   118.0000       32.00000       3.924627    
   118.0000       32.50000       3.917909    
   118.0000       33.00000       3.889184    
   118.0000       33.50000       3.878610    
   118.0000       34.00000       3.865985    
   118.0000       34.50000       3.834461    
   118.0000       35.00000       3.804268    
   118.0000       35.50000       3.806953    
   118.5000       26.50000       3.898151    
   118.5000       27.00000       3.905334    
   118.5000       27.50000       3.911621    
   118.5000       28.00000       3.916430    
   118.5000       28.50000       3.903533    
   118.5000       29.00000       3.871762    
   118.5000       29.50000       3.849262    
   118.5000       30.00000       3.851471    
   118.5000       30.50000       3.859298    
   118.5000       31.00000       3.866140    
   118.5000       31.50000       3.890092    
   118.5000       32.00000       3.908115    
   118.5000       32.50000       3.887990    
   118.5000       33.00000       3.861203    
   118.5000       33.50000       3.872661    
   118.5000       34.00000       3.888566    
   118.5000       34.50000       3.872204    
   118.5000       35.00000       3.848008    
   118.5000       35.50000       3.855742    
   119.0000       26.50000       3.903481    
   119.0000       27.00000       3.904841    
   119.0000       27.50000       3.902142    
   119.0000       28.00000       3.905752    
   119.0000       28.50000       3.900716    
   119.0000       29.00000       3.874369    
   119.0000       29.50000       3.846056    
   119.0000       30.00000       3.845036    
   119.0000       30.50000       3.864795    
   119.0000       31.00000       3.873317    
   119.0000       31.50000       3.873187    
   119.0000       32.00000       3.862105    
   119.0000       32.50000       3.832639    
   119.0000       33.00000       3.822621    
   119.0000       33.50000       3.869265    
   119.0000       34.00000       3.920149    
   119.0000       34.50000       3.921065    
   119.0000       35.00000       3.901276    
   119.0000       35.50000       3.905474    
   119.5000       26.50000       3.920618    
   119.5000       27.00000       3.918649    
   119.5000       27.50000       3.907374    
   119.5000       28.00000       3.901269    
   119.5000       28.50000       3.899702    
   119.5000       29.00000       3.886841    
   119.5000       29.50000       3.867147    
   119.5000       30.00000       3.865725    
   119.5000       30.50000       3.882287    
   119.5000       31.00000       3.880839    
   119.5000       31.50000       3.858269    
   119.5000       32.00000       3.824891    
   119.5000       32.50000       3.790065    
   119.5000       33.00000       3.794882    
   119.5000       33.50000       3.865627    
   119.5000       34.00000       3.936007    
   119.5000       34.50000       3.945330    
   119.5000       35.00000       3.927918    
   119.5000       35.50000       3.926234    
   120.0000       26.50000       3.927703    
   120.0000       27.00000       3.922125    
   120.0000       27.50000       3.908658    
   120.0000       28.00000       3.896634    
   120.0000       28.50000       3.901724    
   120.0000       29.00000       3.907244    
   120.0000       29.50000       3.901098    
   120.0000       30.00000       3.900723    
   120.0000       30.50000       3.909453    
   120.0000       31.00000       3.900862    
   120.0000       31.50000       3.871363    
   120.0000       32.00000       3.831307    
   120.0000       32.50000       3.788965    
   120.0000       33.00000       3.784370    
   120.0000       33.50000       3.847226    
   120.0000       34.00000       3.914611    
   120.0000       34.50000       3.927999    
   120.0000       35.00000       3.917530    
   120.0000       35.50000       3.916779    
   120.5000       26.50000       3.932054    
   120.5000       27.00000       3.916623    
   120.5000       27.50000       3.896153    
   120.5000       28.00000       3.877093    
   120.5000       28.50000       3.880873    
   120.5000       29.00000       3.893604    
   120.5000       29.50000       3.896682    
   120.5000       30.00000       3.903005    
   120.5000       30.50000       3.919272    
   120.5000       31.00000       3.918577    
   120.5000       31.50000       3.893703    
   120.5000       32.00000       3.857532    
   120.5000       32.50000       3.810056    
   120.5000       33.00000       3.782554    
   120.5000       33.50000       3.817133    
   120.5000       34.00000       3.869414    
   120.5000       34.50000       3.889037    
   120.5000       35.00000       3.893289    
   120.5000       35.50000       3.903651    
   121.0000       26.50000       3.930652    
   121.0000       27.00000       3.913594    
   121.0000       27.50000       3.890562    
   121.0000       28.00000       3.861556    
   121.0000       28.50000       3.846304    
   121.0000       29.00000       3.850318    
   121.0000       29.50000       3.860120    
   121.0000       30.00000       3.877490    
   121.0000       30.50000       3.907207    
   121.0000       31.00000       3.916059    
   121.0000       31.50000       3.897415    
   121.0000       32.00000       3.871007    
   121.0000       32.50000       3.830418    
   121.0000       33.00000       3.794079    
   121.0000       33.50000       3.807163    
   121.0000       34.00000       3.841855    
   121.0000       34.50000       3.862295    
   121.0000       35.00000       3.879735    
   121.0000       35.50000       3.904589    
   121.5000       26.50000       3.906270    
   121.5000       27.00000       3.902248    
   121.5000       27.50000       3.888040    
   121.5000       28.00000       3.853479    
   121.5000       28.50000       3.821395    
   121.5000       29.00000       3.822563    
   121.5000       29.50000       3.840140    
   121.5000       30.00000       3.858147    
   121.5000       30.50000       3.888985    
   121.5000       31.00000       3.905969    
   121.5000       31.50000       3.896717    
   121.5000       32.00000       3.878261    
   121.5000       32.50000       3.850558    
   121.5000       33.00000       3.825605    
   121.5000       33.50000       3.834033    
   121.5000       34.00000       3.849660    
   121.5000       34.50000       3.856169    
   121.5000       35.00000       3.875420    
   121.5000       35.50000       3.909655    
   122.0000       26.50000       3.884135    
   122.0000       27.00000       3.886064    
   122.0000       27.50000       3.873532    
   122.0000       28.00000       3.840858    
   122.0000       28.50000       3.812427    
   122.0000       29.00000       3.821023    
   122.0000       29.50000       3.836629    
   122.0000       30.00000       3.839396    
   122.0000       30.50000       3.867065    
   122.0000       31.00000       3.905854    
   122.0000       31.50000       3.911891    
   122.0000       32.00000       3.889209    
   122.0000       32.50000       3.867795    
   122.0000       33.00000       3.862792    
   122.0000       33.50000       3.877776    
   122.0000       34.00000       3.875136    
   122.0000       34.50000       3.857938    
   122.0000       35.00000       3.868956    
   122.0000       35.50000       3.904384    
   122.5000       26.50000       3.893744    
   122.5000       27.00000       3.885895    
   122.5000       27.50000       3.862267    
   122.5000       28.00000       3.832636    
   122.5000       28.50000       3.813044    
   122.5000       29.00000       3.822116    
   122.5000       29.50000       3.826073    
   122.5000       30.00000       3.814341    
   122.5000       30.50000       3.842259    
   122.5000       31.00000       3.905694    
   122.5000       31.50000       3.928222    
   122.5000       32.00000       3.898498    
   122.5000       32.50000       3.880462    
   122.5000       33.00000       3.894723    
   122.5000       33.50000       3.918965    
   122.5000       34.00000       3.903149    
   122.5000       34.50000       3.864125    
   122.5000       35.00000       3.862790    
   122.5000       35.50000       3.890773    
   123.0000       26.50000       3.918819    
   123.0000       27.00000       3.900069    
   123.0000       27.50000       3.863418    
   123.0000       28.00000       3.832646    
   123.0000       28.50000       3.816204    
   123.0000       29.00000       3.824396    
   123.0000       29.50000       3.830172    
   123.0000       30.00000       3.819532    
   123.0000       30.50000       3.834825    
   123.0000       31.00000       3.886318    
   123.0000       31.50000       3.909643    
   123.0000       32.00000       3.889326    
   123.0000       32.50000       3.889820    
   123.0000       33.00000       3.922584    
   123.0000       33.50000       3.952587    
   123.0000       34.00000       3.929953    
   123.0000       34.50000       3.878368    
   123.0000       35.00000       3.864205    
   123.0000       35.50000       3.876930    
