   115.0000       26.50000       4.028519    
   115.0000       27.00000       4.019320    
   115.0000       27.50000       4.002583    
   115.0000       28.00000       3.991017    
   115.0000       28.50000       3.990100    
   115.0000       29.00000       3.997321    
   115.0000       29.50000       4.009371    
   115.0000       30.00000       4.021326    
   115.0000       30.50000       4.022406    
   115.0000       31.00000       4.006838    
   115.0000       31.50000       3.986004    
   115.0000       32.00000       3.980896    
   115.0000       32.50000       3.998954    
   115.0000       33.00000       4.027545    
   115.0000       33.50000       4.047721    
   115.0000       34.00000       4.050870    
   115.0000       34.50000       4.044625    
   115.0000       35.00000       4.038518    
   115.0000       35.50000       4.032020    
   115.5000       26.50000       4.034372    
   115.5000       27.00000       4.036299    
   115.5000       27.50000       4.029897    
   115.5000       28.00000       4.022270    
   115.5000       28.50000       4.017206    
   115.5000       29.00000       4.015784    
   115.5000       29.50000       4.020482    
   115.5000       30.00000       4.028992    
   115.5000       30.50000       4.029472    
   115.5000       31.00000       4.014909    
   115.5000       31.50000       3.995578    
   115.5000       32.00000       3.990845    
   115.5000       32.50000       4.008093    
   115.5000       33.00000       4.035258    
   115.5000       33.50000       4.052136    
   115.5000       34.00000       4.048196    
   115.5000       34.50000       4.033210    
   115.5000       35.00000       4.021017    
   115.5000       35.50000       4.013156    
   116.0000       26.50000       4.035249    
   116.0000       27.00000       4.043170    
   116.0000       27.50000       4.045537    
   116.0000       28.00000       4.043919    
   116.0000       28.50000       4.038564    
   116.0000       29.00000       4.032533    
   116.0000       29.50000       4.032731    
   116.0000       30.00000       4.040339    
   116.0000       30.50000       4.044786    
   116.0000       31.00000       4.036422    
   116.0000       31.50000       4.021002    
   116.0000       32.00000       4.014425    
   116.0000       32.50000       4.024228    
   116.0000       33.00000       4.042828    
   116.0000       33.50000       4.053041    
   116.0000       34.00000       4.043988    
   116.0000       34.50000       4.025266    
   116.0000       35.00000       4.011554    
   116.0000       35.50000       4.005017    
   116.5000       26.50000       4.023609    
   116.5000       27.00000       4.032788    
   116.5000       27.50000       4.041219    
   116.5000       28.00000       4.045585    
   116.5000       28.50000       4.042551    
   116.5000       29.00000       4.035617    
   116.5000       29.50000       4.033863    
   116.5000       30.00000       4.041983    
   116.5000       30.50000       4.051956    
   116.5000       31.00000       4.051737    
   116.5000       31.50000       4.042508    
   116.5000       32.00000       4.037864    
   116.5000       32.50000       4.044509    
   116.5000       33.00000       4.057491    
   116.5000       33.50000       4.063488    
   116.5000       34.00000       4.053396    
   116.5000       34.50000       4.035120    
   116.5000       35.00000       4.021798    
   116.5000       35.50000       4.015805    
   117.0000       26.50000       4.002003    
   117.0000       27.00000       4.007214    
   117.0000       27.50000       4.016970    
   117.0000       28.00000       4.024931    
   117.0000       28.50000       4.024394    
   117.0000       29.00000       4.018038    
   117.0000       29.50000       4.016217    
   117.0000       30.00000       4.025344    
   117.0000       30.50000       4.038399    
   117.0000       31.00000       4.043447    
   117.0000       31.50000       4.040829    
   117.0000       32.00000       4.043403    
   117.0000       32.50000       4.055530    
   117.0000       33.00000       4.071910    
   117.0000       33.50000       4.080718    
   117.0000       34.00000       4.073390    
   117.0000       34.50000       4.056347    
   117.0000       35.00000       4.042760    
   117.0000       35.50000       4.035517    
   117.5000       26.50000       3.980751    
   117.5000       27.00000       3.978598    
   117.5000       27.50000       3.984516    
   117.5000       28.00000       3.992768    
   117.5000       28.50000       3.994859    
   117.5000       29.00000       3.991031    
   117.5000       29.50000       3.991216    
   117.5000       30.00000       4.001552    
   117.5000       30.50000       4.014751    
   117.5000       31.00000       4.020692    
   117.5000       31.50000       4.022278    
   117.5000       32.00000       4.030430    
   117.5000       32.50000       4.046045    
   117.5000       33.00000       4.066577    
   117.5000       33.50000       4.082348    
   117.5000       34.00000       4.081118    
   117.5000       34.50000       4.066153    
   117.5000       35.00000       4.052828    
   117.5000       35.50000       4.045130    
   118.0000       26.50000       3.970852    
   118.0000       27.00000       3.964046    
   118.0000       27.50000       3.965046    
   118.0000       28.00000       3.971996    
   118.0000       28.50000       3.977853    
   118.0000       29.00000       3.979132    
   118.0000       29.50000       3.980767    
   118.0000       30.00000       3.987937    
   118.0000       30.50000       3.996450    
   118.0000       31.00000       3.999903    
   118.0000       31.50000       4.004878    
   118.0000       32.00000       4.014925    
   118.0000       32.50000       4.022457    
   118.0000       33.00000       4.033352    
   118.0000       33.50000       4.050022    
   118.0000       34.00000       4.057234    
   118.0000       34.50000       4.048807    
   118.0000       35.00000       4.039183    
   118.0000       35.50000       4.034354    
   118.5000       26.50000       3.980384    
   118.5000       27.00000       3.975657    
   118.5000       27.50000       3.974816    
   118.5000       28.00000       3.980355    
   118.5000       28.50000       3.989556    
   118.5000       29.00000       3.996213    
   118.5000       29.50000       3.996137    
   118.5000       30.00000       3.991507    
   118.5000       30.50000       3.985497    
   118.5000       31.00000       3.980683    
   118.5000       31.50000       3.989383    
   118.5000       32.00000       4.003991    
   118.5000       32.50000       3.999972    
   118.5000       33.00000       3.988340    
   118.5000       33.50000       3.994335    
   118.5000       34.00000       4.008568    
   118.5000       34.50000       4.011326    
   118.5000       35.00000       4.009383    
   118.5000       35.50000       4.010378    
   119.0000       26.50000       4.005033    
   119.0000       27.00000       4.007027    
   119.0000       27.50000       4.007918    
   119.0000       28.00000       4.012119    
   119.0000       28.50000       4.021354    
   119.0000       29.00000       4.029428    
   119.0000       29.50000       4.024950    
   119.0000       30.00000       4.005774    
   119.0000       30.50000       3.980526    
   119.0000       31.00000       3.960947    
   119.0000       31.50000       3.966963    
   119.0000       32.00000       3.987875    
   119.0000       32.50000       3.984163    
   119.0000       33.00000       3.957632    
   119.0000       33.50000       3.950090    
   119.0000       34.00000       3.965958    
   119.0000       34.50000       3.977978    
   119.0000       35.00000       3.983225    
   119.0000       35.50000       3.989530    
   119.5000       26.50000       4.025844    
   119.5000       27.00000       4.033438    
   119.5000       27.50000       4.036598    
   119.5000       28.00000       4.040368    
   119.5000       28.50000       4.049189    
   119.5000       29.00000       4.055525    
   119.5000       29.50000       4.045500    
   119.5000       30.00000       4.019923    
   119.5000       30.50000       3.987251    
   119.5000       31.00000       3.954971    
   119.5000       31.50000       3.946814    
   119.5000       32.00000       3.966115    
   119.5000       32.50000       3.976690    
   119.5000       33.00000       3.959237    
   119.5000       33.50000       3.947896    
   119.5000       34.00000       3.958401    
   119.5000       34.50000       3.969429    
   119.5000       35.00000       3.974876    
   119.5000       35.50000       3.982302    
   120.0000       26.50000       4.030165    
   120.0000       27.00000       4.038969    
   120.0000       27.50000       4.041694    
   120.0000       28.00000       4.045157    
   120.0000       28.50000       4.056726    
   120.0000       29.00000       4.063391    
   120.0000       29.50000       4.050533    
   120.0000       30.00000       4.030441    
   120.0000       30.50000       4.008037    
   120.0000       31.00000       3.973193    
   120.0000       31.50000       3.948192    
   120.0000       32.00000       3.958807    
   120.0000       32.50000       3.986571    
   120.0000       33.00000       3.994433    
   120.0000       33.50000       3.988621    
   120.0000       34.00000       3.985991    
   120.0000       34.50000       3.983367    
   120.0000       35.00000       3.981193    
   120.0000       35.50000       3.986189    
   120.5000       26.50000       4.021915    
   120.5000       27.00000       4.029752    
   120.5000       27.50000       4.030990    
   120.5000       28.00000       4.034147    
   120.5000       28.50000       4.048024    
   120.5000       29.00000       4.055658    
   120.5000       29.50000       4.045446    
   120.5000       30.00000       4.037805    
   120.5000       30.50000       4.031857    
   120.5000       31.00000       4.002831    
   120.5000       31.50000       3.970492    
   120.5000       32.00000       3.975912    
   120.5000       32.50000       4.014301    
   120.5000       33.00000       4.043238    
   120.5000       33.50000       4.041381    
   120.5000       34.00000       4.019932    
   120.5000       34.50000       3.998017    
   120.5000       35.00000       3.987139    
   120.5000       35.50000       3.990415    
   121.0000       26.50000       4.009885    
   121.0000       27.00000       4.017756    
   121.0000       27.50000       4.020259    
   121.0000       28.00000       4.026083    
   121.0000       28.50000       4.039733    
   121.0000       29.00000       4.045170    
   121.0000       29.50000       4.040432    
   121.0000       30.00000       4.044244    
   121.0000       30.50000       4.047881    
   121.0000       31.00000       4.025880    
   121.0000       31.50000       3.995203    
   121.0000       32.00000       3.998289    
   121.0000       32.50000       4.037205    
   121.0000       33.00000       4.073153    
   121.0000       33.50000       4.069186    
   121.0000       34.00000       4.031160    
   121.0000       34.50000       3.995891    
   121.0000       35.00000       3.982678    
   121.0000       35.50000       3.987792    
   121.5000       26.50000       3.997060    
   121.5000       27.00000       4.006866    
   121.5000       27.50000       4.014921    
   121.5000       28.00000       4.026875    
   121.5000       28.50000       4.040323    
   121.5000       29.00000       4.043367    
   121.5000       29.50000       4.043336    
   121.5000       30.00000       4.052181    
   121.5000       30.50000       4.056067    
   121.5000       31.00000       4.038330    
   121.5000       31.50000       4.011730    
   121.5000       32.00000       4.007556    
   121.5000       32.50000       4.035604    
   121.5000       33.00000       4.067494    
   121.5000       33.50000       4.060647    
   121.5000       34.00000       4.016334    
   121.5000       34.50000       3.979360    
   121.5000       35.00000       3.971073    
   121.5000       35.50000       3.980390    
   122.0000       26.50000       3.980303    
   122.0000       27.00000       3.993149    
   122.0000       27.50000       4.009470    
   122.0000       28.00000       4.029137    
   122.0000       28.50000       4.045506    
   122.0000       29.00000       4.051113    
   122.0000       29.50000       4.053056    
   122.0000       30.00000       4.058558    
   122.0000       30.50000       4.059937    
   122.0000       31.00000       4.048368    
   122.0000       31.50000       4.027819    
   122.0000       32.00000       4.013661    
   122.0000       32.50000       4.023134    
   122.0000       33.00000       4.043490    
   122.0000       33.50000       4.035239    
   122.0000       34.00000       3.994575    
   122.0000       34.50000       3.963628    
   122.0000       35.00000       3.962267    
   122.0000       35.50000       3.974838    
   122.5000       26.50000       3.960380    
   122.5000       27.00000       3.976376    
   122.5000       27.50000       4.001603    
   122.5000       28.00000       4.029813    
   122.5000       28.50000       4.052459    
   122.5000       29.00000       4.064029    
   122.5000       29.50000       4.063788    
   122.5000       30.00000       4.057833    
   122.5000       30.50000       4.056497    
   122.5000       31.00000       4.057930    
   122.5000       31.50000       4.050317    
   122.5000       32.00000       4.032609    
   122.5000       32.50000       4.024470    
   122.5000       33.00000       4.028202    
   122.5000       33.50000       4.016076    
   122.5000       34.00000       3.981542    
   122.5000       34.50000       3.957570    
   122.5000       35.00000       3.961164    
   122.5000       35.50000       3.974887    
   123.0000       26.50000       3.946461    
   123.0000       27.00000       3.964745    
   123.0000       27.50000       3.996961    
   123.0000       28.00000       4.031796    
   123.0000       28.50000       4.060041    
   123.0000       29.00000       4.075057    
   123.0000       29.50000       4.067660    
   123.0000       30.00000       4.045074    
   123.0000       30.50000       4.037837    
   123.0000       31.00000       4.055163    
   123.0000       31.50000       4.069306    
   123.0000       32.00000       4.058846    
   123.0000       32.50000       4.038948    
   123.0000       33.00000       4.025532    
   123.0000       33.50000       4.006195    
   123.0000       34.00000       3.974662    
   123.0000       34.50000       3.955642    
   123.0000       35.00000       3.963537    
   123.0000       35.50000       3.978962    
