   115.0000       26.50000       3.791725    
   115.0000       27.00000       3.881468    
   115.0000       27.50000       3.952868    
   115.0000       28.00000       3.954986    
   115.0000       28.50000       3.912888    
   115.0000       29.00000       3.864665    
   115.0000       29.50000       3.828384    
   115.0000       30.00000       3.836583    
   115.0000       30.50000       3.878365    
   115.0000       31.00000       3.872399    
   115.0000       31.50000       3.830524    
   115.0000       32.00000       3.831452    
   115.0000       32.50000       3.855316    
   115.0000       33.00000       3.832571    
   115.0000       33.50000       3.790208    
   115.0000       34.00000       3.815134    
   115.0000       34.50000       3.877881    
   115.0000       35.00000       3.889194    
   115.0000       35.50000       3.865134    
   115.5000       26.50000       3.829856    
   115.5000       27.00000       3.905088    
   115.5000       27.50000       3.977261    
   115.5000       28.00000       3.981189    
   115.5000       28.50000       3.936188    
   115.5000       29.00000       3.897191    
   115.5000       29.50000       3.884811    
   115.5000       30.00000       3.904419    
   115.5000       30.50000       3.928042    
   115.5000       31.00000       3.895169    
   115.5000       31.50000       3.838502    
   115.5000       32.00000       3.819150    
   115.5000       32.50000       3.807982    
   115.5000       33.00000       3.770659    
   115.5000       33.50000       3.756531    
   115.5000       34.00000       3.822474    
   115.5000       34.50000       3.896012    
   115.5000       35.00000       3.887706    
   115.5000       35.50000       3.846124    
   116.0000       26.50000       3.889166    
   116.0000       27.00000       3.925375    
   116.0000       27.50000       3.968503    
   116.0000       28.00000       3.963933    
   116.0000       28.50000       3.920179    
   116.0000       29.00000       3.889048    
   116.0000       29.50000       3.891218    
   116.0000       30.00000       3.916458    
   116.0000       30.50000       3.931214    
   116.0000       31.00000       3.898300    
   116.0000       31.50000       3.850400    
   116.0000       32.00000       3.824447    
   116.0000       32.50000       3.804643    
   116.0000       33.00000       3.783187    
   116.0000       33.50000       3.790226    
   116.0000       34.00000       3.844002    
   116.0000       34.50000       3.877686    
   116.0000       35.00000       3.849867    
   116.0000       35.50000       3.831905    
   116.5000       26.50000       3.932343    
   116.5000       27.00000       3.932766    
   116.5000       27.50000       3.941403    
   116.5000       28.00000       3.926402    
   116.5000       28.50000       3.888080    
   116.5000       29.00000       3.861161    
   116.5000       29.50000       3.863920    
   116.5000       30.00000       3.888078    
   116.5000       30.50000       3.907982    
   116.5000       31.00000       3.897353    
   116.5000       31.50000       3.865221    
   116.5000       32.00000       3.836296    
   116.5000       32.50000       3.830092    
   116.5000       33.00000       3.847551    
   116.5000       33.50000       3.863771    
   116.5000       34.00000       3.861258    
   116.5000       34.50000       3.829834    
   116.5000       35.00000       3.802320    
   116.5000       35.50000       3.838025    
   117.0000       26.50000       3.932124    
   117.0000       27.00000       3.918869    
   117.0000       27.50000       3.914952    
   117.0000       28.00000       3.906088    
   117.0000       28.50000       3.882304    
   117.0000       29.00000       3.857718    
   117.0000       29.50000       3.853846    
   117.0000       30.00000       3.870739    
   117.0000       30.50000       3.890132    
   117.0000       31.00000       3.890202    
   117.0000       31.50000       3.860126    
   117.0000       32.00000       3.824631    
   117.0000       32.50000       3.836548    
   117.0000       33.00000       3.895634    
   117.0000       33.50000       3.917187    
   117.0000       34.00000       3.862842    
   117.0000       34.50000       3.791587    
   117.0000       35.00000       3.784912    
   117.0000       35.50000       3.859544    
   117.5000       26.50000       3.920382    
   117.5000       27.00000       3.910180    
   117.5000       27.50000       3.910245    
   117.5000       28.00000       3.912503    
   117.5000       28.50000       3.900076    
   117.5000       29.00000       3.874508    
   117.5000       29.50000       3.862934    
   117.5000       30.00000       3.868879    
   117.5000       30.50000       3.871798    
   117.5000       31.00000       3.862275    
   117.5000       31.50000       3.835018    
   117.5000       32.00000       3.801639    
   117.5000       32.50000       3.819841    
   117.5000       33.00000       3.891829    
   117.5000       33.50000       3.911969    
   117.5000       34.00000       3.845382    
   117.5000       34.50000       3.783064    
   117.5000       35.00000       3.801115    
   117.5000       35.50000       3.872263    
   118.0000       26.50000       3.939770    
   118.0000       27.00000       3.933026    
   118.0000       27.50000       3.926875    
   118.0000       28.00000       3.920858    
   118.0000       28.50000       3.906511    
   118.0000       29.00000       3.874605    
   118.0000       29.50000       3.853192    
   118.0000       30.00000       3.852561    
   118.0000       30.50000       3.840482    
   118.0000       31.00000       3.819944    
   118.0000       31.50000       3.807458    
   118.0000       32.00000       3.789898    
   118.0000       32.50000       3.798230    
   118.0000       33.00000       3.842657    
   118.0000       33.50000       3.855649    
   118.0000       34.00000       3.815913    
   118.0000       34.50000       3.787608    
   118.0000       35.00000       3.813687    
   118.0000       35.50000       3.853138    
   118.5000       26.50000       3.960450    
   118.5000       27.00000       3.960116    
   118.5000       27.50000       3.941858    
   118.5000       28.00000       3.920023    
   118.5000       28.50000       3.902375    
   118.5000       29.00000       3.864315    
   118.5000       29.50000       3.832230    
   118.5000       30.00000       3.831292    
   118.5000       30.50000       3.819180    
   118.5000       31.00000       3.797051    
   118.5000       31.50000       3.796497    
   118.5000       32.00000       3.789325    
   118.5000       32.50000       3.772808    
   118.5000       33.00000       3.772987    
   118.5000       33.50000       3.790353    
   118.5000       34.00000       3.801332    
   118.5000       34.50000       3.799496    
   118.5000       35.00000       3.805850    
   118.5000       35.50000       3.811688    
   119.0000       26.50000       3.939211    
   119.0000       27.00000       3.959363    
   119.0000       27.50000       3.943339    
   119.0000       28.00000       3.916121    
   119.0000       28.50000       3.900099    
   119.0000       29.00000       3.868212    
   119.0000       29.50000       3.837119    
   119.0000       30.00000       3.835192    
   119.0000       30.50000       3.826515    
   119.0000       31.00000       3.805789    
   119.0000       31.50000       3.804851    
   119.0000       32.00000       3.793376    
   119.0000       32.50000       3.753476    
   119.0000       33.00000       3.727990    
   119.0000       33.50000       3.764044    
   119.0000       34.00000       3.823444    
   119.0000       34.50000       3.827481    
   119.0000       35.00000       3.795820    
   119.0000       35.50000       3.779977    
   119.5000       26.50000       3.901400    
   119.5000       27.00000       3.947411    
   119.5000       27.50000       3.941481    
   119.5000       28.00000       3.906999    
   119.5000       28.50000       3.883548    
   119.5000       29.00000       3.866759    
   119.5000       29.50000       3.853172    
   119.5000       30.00000       3.851315    
   119.5000       30.50000       3.844481    
   119.5000       31.00000       3.828814    
   119.5000       31.50000       3.823644    
   119.5000       32.00000       3.806265    
   119.5000       32.50000       3.764095    
   119.5000       33.00000       3.738307    
   119.5000       33.50000       3.782418    
   119.5000       34.00000       3.855403    
   119.5000       34.50000       3.846238    
   119.5000       35.00000       3.783062    
   119.5000       35.50000       3.762107    
   120.0000       26.50000       3.897584    
   120.0000       27.00000       3.954534    
   120.0000       27.50000       3.949230    
   120.0000       28.00000       3.901012    
   120.0000       28.50000       3.865142    
   120.0000       29.00000       3.856261    
   120.0000       29.50000       3.854368    
   120.0000       30.00000       3.855689    
   120.0000       30.50000       3.857731    
   120.0000       31.00000       3.853963    
   120.0000       31.50000       3.848963    
   120.0000       32.00000       3.835135    
   120.0000       32.50000       3.805480    
   120.0000       33.00000       3.781633    
   120.0000       33.50000       3.805464    
   120.0000       34.00000       3.850969    
   120.0000       34.50000       3.821668    
   120.0000       35.00000       3.752023    
   120.0000       35.50000       3.739291    
   120.5000       26.50000       3.939517    
   120.5000       27.00000       3.980602    
   120.5000       27.50000       3.958579    
   120.5000       28.00000       3.901812    
   120.5000       28.50000       3.870745    
   120.5000       29.00000       3.863978    
   120.5000       29.50000       3.852092    
   120.5000       30.00000       3.849924    
   120.5000       30.50000       3.861482    
   120.5000       31.00000       3.866066    
   120.5000       31.50000       3.861884    
   120.5000       32.00000       3.857123    
   120.5000       32.50000       3.837675    
   120.5000       33.00000       3.805808    
   120.5000       33.50000       3.796535    
   120.5000       34.00000       3.802769    
   120.5000       34.50000       3.767225    
   120.5000       35.00000       3.719986    
   120.5000       35.50000       3.721294    
   121.0000       26.50000       3.985207    
   121.0000       27.00000       3.989635    
   121.0000       27.50000       3.943749    
   121.0000       28.00000       3.883333    
   121.0000       28.50000       3.864882    
   121.0000       29.00000       3.863131    
   121.0000       29.50000       3.843965    
   121.0000       30.00000       3.842977    
   121.0000       30.50000       3.862027    
   121.0000       31.00000       3.866525    
   121.0000       31.50000       3.856166    
   121.0000       32.00000       3.848978    
   121.0000       32.50000       3.827730    
   121.0000       33.00000       3.791106    
   121.0000       33.50000       3.763588    
   121.0000       34.00000       3.746831    
   121.0000       34.50000       3.724748    
   121.0000       35.00000       3.715060    
   121.0000       35.50000       3.733821    
   121.5000       26.50000       3.979182    
   121.5000       27.00000       3.954722    
   121.5000       27.50000       3.901520    
   121.5000       28.00000       3.836647    
   121.5000       28.50000       3.816866    
   121.5000       29.00000       3.824422    
   121.5000       29.50000       3.821862    
   121.5000       30.00000       3.838060    
   121.5000       30.50000       3.868508    
   121.5000       31.00000       3.874564    
   121.5000       31.50000       3.857026    
   121.5000       32.00000       3.836798    
   121.5000       32.50000       3.808368    
   121.5000       33.00000       3.781440    
   121.5000       33.50000       3.757206    
   121.5000       34.00000       3.733899    
   121.5000       34.50000       3.722140    
   121.5000       35.00000       3.731362    
   121.5000       35.50000       3.760471    
   122.0000       26.50000       3.937021    
   122.0000       27.00000       3.913991    
   122.0000       27.50000       3.870401    
   122.0000       28.00000       3.800047    
   122.0000       28.50000       3.773172    
   122.0000       29.00000       3.793935    
   122.0000       29.50000       3.810698    
   122.0000       30.00000       3.829599    
   122.0000       30.50000       3.855799    
   122.0000       31.00000       3.865079    
   122.0000       31.50000       3.854395    
   122.0000       32.00000       3.838641    
   122.0000       32.50000       3.818911    
   122.0000       33.00000       3.808647    
   122.0000       33.50000       3.797103    
   122.0000       34.00000       3.780237    
   122.0000       34.50000       3.764718    
   122.0000       35.00000       3.750931    
   122.0000       35.50000       3.756681    
   122.5000       26.50000       3.928831    
   122.5000       27.00000       3.923162    
   122.5000       27.50000       3.880399    
   122.5000       28.00000       3.804471    
   122.5000       28.50000       3.778120    
   122.5000       29.00000       3.810014    
   122.5000       29.50000       3.827940    
   122.5000       30.00000       3.818915    
   122.5000       30.50000       3.814127    
   122.5000       31.00000       3.821066    
   122.5000       31.50000       3.824432    
   122.5000       32.00000       3.823746    
   122.5000       32.50000       3.824659    
   122.5000       33.00000       3.829198    
   122.5000       33.50000       3.830505    
   122.5000       34.00000       3.836537    
   122.5000       34.50000       3.828251    
   122.5000       35.00000       3.777528    
   122.5000       35.50000       3.726556    
   123.0000       26.50000       3.964276    
   123.0000       27.00000       3.964732    
   123.0000       27.50000       3.909033    
   123.0000       28.00000       3.829807    
   123.0000       28.50000       3.803872    
   123.0000       29.00000       3.832386    
   123.0000       29.50000       3.844355    
   123.0000       30.00000       3.816860    
   123.0000       30.50000       3.789013    
   123.0000       31.00000       3.790816    
   123.0000       31.50000       3.790642    
   123.0000       32.00000       3.782044    
   123.0000       32.50000       3.794109    
   123.0000       33.00000       3.808343    
   123.0000       33.50000       3.815077    
   123.0000       34.00000       3.849315    
   123.0000       34.50000       3.874828    
   123.0000       35.00000       3.823217    
   123.0000       35.50000       3.730186    
