   115.0000       26.50000       3.737653    
   115.0000       27.00000       3.804773    
   115.0000       27.50000       3.827727    
   115.0000       28.00000       3.846188    
   115.0000       28.50000       3.853310    
   115.0000       29.00000       3.818701    
   115.0000       29.50000       3.738445    
   115.0000       30.00000       3.677485    
   115.0000       30.50000       3.688139    
   115.0000       31.00000       3.721940    
   115.0000       31.50000       3.730959    
   115.0000       32.00000       3.741352    
   115.0000       32.50000       3.781411    
   115.0000       33.00000       3.810911    
   115.0000       33.50000       3.785132    
   115.0000       34.00000       3.743276    
   115.0000       34.50000       3.717108    
   115.0000       35.00000       3.700247    
   115.0000       35.50000       3.723460    
   115.5000       26.50000       3.771938    
   115.5000       27.00000       3.835265    
   115.5000       27.50000       3.864078    
   115.5000       28.00000       3.878239    
   115.5000       28.50000       3.867739    
   115.5000       29.00000       3.831741    
   115.5000       29.50000       3.775339    
   115.5000       30.00000       3.727692    
   115.5000       30.50000       3.728295    
   115.5000       31.00000       3.756980    
   115.5000       31.50000       3.760280    
   115.5000       32.00000       3.736544    
   115.5000       32.50000       3.740072    
   115.5000       33.00000       3.766846    
   115.5000       33.50000       3.758581    
   115.5000       34.00000       3.725266    
   115.5000       34.50000       3.688036    
   115.5000       35.00000       3.664532    
   115.5000       35.50000       3.701928    
   116.0000       26.50000       3.830490    
   116.0000       27.00000       3.853196    
   116.0000       27.50000       3.861217    
   116.0000       28.00000       3.855211    
   116.0000       28.50000       3.823218    
   116.0000       29.00000       3.786278    
   116.0000       29.50000       3.755934    
   116.0000       30.00000       3.737859    
   116.0000       30.50000       3.754567    
   116.0000       31.00000       3.788457    
   116.0000       31.50000       3.783070    
   116.0000       32.00000       3.738074    
   116.0000       32.50000       3.727354    
   116.0000       33.00000       3.754897    
   116.0000       33.50000       3.748667    
   116.0000       34.00000       3.706418    
   116.0000       34.50000       3.657741    
   116.0000       35.00000       3.643965    
   116.0000       35.50000       3.707547    
   116.5000       26.50000       3.849069    
   116.5000       27.00000       3.819154    
   116.5000       27.50000       3.807762    
   116.5000       28.00000       3.796880    
   116.5000       28.50000       3.765270    
   116.5000       29.00000       3.732330    
   116.5000       29.50000       3.712344    
   116.5000       30.00000       3.719238    
   116.5000       30.50000       3.770429    
   116.5000       31.00000       3.817535    
   116.5000       31.50000       3.798483    
   116.5000       32.00000       3.748746    
   116.5000       32.50000       3.752059    
   116.5000       33.00000       3.790140    
   116.5000       33.50000       3.777763    
   116.5000       34.00000       3.714736    
   116.5000       34.50000       3.655123    
   116.5000       35.00000       3.660586    
   116.5000       35.50000       3.747559    
   117.0000       26.50000       3.819421    
   117.0000       27.00000       3.762637    
   117.0000       27.50000       3.754349    
   117.0000       28.00000       3.763586    
   117.0000       28.50000       3.755846    
   117.0000       29.00000       3.736331    
   117.0000       29.50000       3.716212    
   117.0000       30.00000       3.725662    
   117.0000       30.50000       3.792630    
   117.0000       31.00000       3.842420    
   117.0000       31.50000       3.807481    
   117.0000       32.00000       3.756471    
   117.0000       32.50000       3.773038    
   117.0000       33.00000       3.819687    
   117.0000       33.50000       3.808589    
   117.0000       34.00000       3.740819    
   117.0000       34.50000       3.685510    
   117.0000       35.00000       3.710116    
   117.0000       35.50000       3.799306    
   117.5000       26.50000       3.778930    
   117.5000       27.00000       3.744432    
   117.5000       27.50000       3.754033    
   117.5000       28.00000       3.777246    
   117.5000       28.50000       3.783903    
   117.5000       29.00000       3.777022    
   117.5000       29.50000       3.757557    
   117.5000       30.00000       3.751370    
   117.5000       30.50000       3.800189    
   117.5000       31.00000       3.838376    
   117.5000       31.50000       3.797853    
   117.5000       32.00000       3.745925    
   117.5000       32.50000       3.757573    
   117.5000       33.00000       3.801416    
   117.5000       33.50000       3.804410    
   117.5000       34.00000       3.759652    
   117.5000       34.50000       3.726045    
   117.5000       35.00000       3.760047    
   117.5000       35.50000       3.828928    
   118.0000       26.50000       3.750970    
   118.0000       27.00000       3.776136    
   118.0000       27.50000       3.802061    
   118.0000       28.00000       3.811697    
   118.0000       28.50000       3.808453    
   118.0000       29.00000       3.803940    
   118.0000       29.50000       3.785161    
   118.0000       30.00000       3.760694    
   118.0000       30.50000       3.777715    
   118.0000       31.00000       3.803394    
   118.0000       31.50000       3.775480    
   118.0000       32.00000       3.731539    
   118.0000       32.50000       3.728050    
   118.0000       33.00000       3.758240    
   118.0000       33.50000       3.779217    
   118.0000       34.00000       3.767864    
   118.0000       34.50000       3.752738    
   118.0000       35.00000       3.778290    
   118.0000       35.50000       3.823309    
   118.5000       26.50000       3.727459    
   118.5000       27.00000       3.812392    
   118.5000       27.50000       3.847241    
   118.5000       28.00000       3.833947    
   118.5000       28.50000       3.818722    
   118.5000       29.00000       3.813986    
   118.5000       29.50000       3.799145    
   118.5000       30.00000       3.770644    
   118.5000       30.50000       3.762202    
   118.5000       31.00000       3.774193    
   118.5000       31.50000       3.765334    
   118.5000       32.00000       3.737943    
   118.5000       32.50000       3.717967    
   118.5000       33.00000       3.730060    
   118.5000       33.50000       3.765563    
   118.5000       34.00000       3.780921    
   118.5000       34.50000       3.768631    
   118.5000       35.00000       3.772596    
   118.5000       35.50000       3.806362    
   119.0000       26.50000       3.706026    
   119.0000       27.00000       3.822942    
   119.0000       27.50000       3.860373    
   119.0000       28.00000       3.836999    
   119.0000       28.50000       3.822854    
   119.0000       29.00000       3.818910    
   119.0000       29.50000       3.810581    
   119.0000       30.00000       3.795416    
   119.0000       30.50000       3.773155    
   119.0000       31.00000       3.764239    
   119.0000       31.50000       3.767632    
   119.0000       32.00000       3.758722    
   119.0000       32.50000       3.725837    
   119.0000       33.00000       3.718196    
   119.0000       33.50000       3.758306    
   119.0000       34.00000       3.794958    
   119.0000       34.50000       3.789643    
   119.0000       35.00000       3.780744    
   119.0000       35.50000       3.812507    
   119.5000       26.50000       3.697654    
   119.5000       27.00000       3.809392    
   119.5000       27.50000       3.851071    
   119.5000       28.00000       3.841702    
   119.5000       28.50000       3.837482    
   119.5000       29.00000       3.826281    
   119.5000       29.50000       3.812966    
   119.5000       30.00000       3.809494    
   119.5000       30.50000       3.786678    
   119.5000       31.00000       3.762473    
   119.5000       31.50000       3.770623    
   119.5000       32.00000       3.777989    
   119.5000       32.50000       3.739332    
   119.5000       33.00000       3.706202    
   119.5000       33.50000       3.730918    
   119.5000       34.00000       3.784169    
   119.5000       34.50000       3.806343    
   119.5000       35.00000       3.805449    
   119.5000       35.50000       3.831886    
   120.0000       26.50000       3.721916    
   120.0000       27.00000       3.788491    
   120.0000       27.50000       3.831437    
   120.0000       28.00000       3.851014    
   120.0000       28.50000       3.862232    
   120.0000       29.00000       3.845364    
   120.0000       29.50000       3.819911    
   120.0000       30.00000       3.810647    
   120.0000       30.50000       3.793507    
   120.0000       31.00000       3.772308    
   120.0000       31.50000       3.779422    
   120.0000       32.00000       3.791147    
   120.0000       32.50000       3.750432    
   120.0000       33.00000       3.696417    
   120.0000       33.50000       3.698282    
   120.0000       34.00000       3.756696    
   120.0000       34.50000       3.805909    
   120.0000       35.00000       3.818898    
   120.0000       35.50000       3.832917    
   120.5000       26.50000       3.808156    
   120.5000       27.00000       3.802669    
   120.5000       27.50000       3.815248    
   120.5000       28.00000       3.839012    
   120.5000       28.50000       3.862650    
   120.5000       29.00000       3.859747    
   120.5000       29.50000       3.834443    
   120.5000       30.00000       3.811079    
   120.5000       30.50000       3.798149    
   120.5000       31.00000       3.793239    
   120.5000       31.50000       3.793953    
   120.5000       32.00000       3.787379    
   120.5000       32.50000       3.745492    
   120.5000       33.00000       3.701212    
   120.5000       33.50000       3.703814    
   120.5000       34.00000       3.754694    
   120.5000       34.50000       3.805248    
   120.5000       35.00000       3.825365    
   120.5000       35.50000       3.831843    
   121.0000       26.50000       3.904199    
   121.0000       27.00000       3.842201    
   121.0000       27.50000       3.801862    
   121.0000       28.00000       3.795916    
   121.0000       28.50000       3.819845    
   121.0000       29.00000       3.836898    
   121.0000       29.50000       3.820673    
   121.0000       30.00000       3.800112    
   121.0000       30.50000       3.804205    
   121.0000       31.00000       3.818014    
   121.0000       31.50000       3.809962    
   121.0000       32.00000       3.772287    
   121.0000       32.50000       3.733530    
   121.0000       33.00000       3.730643    
   121.0000       33.50000       3.754698    
   121.0000       34.00000       3.785260    
   121.0000       34.50000       3.814981    
   121.0000       35.00000       3.839747    
   121.0000       35.50000       3.855179    
   121.5000       26.50000       3.924679    
   121.5000       27.00000       3.855644    
   121.5000       27.50000       3.792830    
   121.5000       28.00000       3.768564    
   121.5000       28.50000       3.787986    
   121.5000       29.00000       3.805293    
   121.5000       29.50000       3.786669    
   121.5000       30.00000       3.783525    
   121.5000       30.50000       3.816419    
   121.5000       31.00000       3.844098    
   121.5000       31.50000       3.836746    
   121.5000       32.00000       3.787550    
   121.5000       32.50000       3.758460    
   121.5000       33.00000       3.791481    
   121.5000       33.50000       3.823881    
   121.5000       34.00000       3.823976    
   121.5000       34.50000       3.823739    
   121.5000       35.00000       3.842554    
   121.5000       35.50000       3.868384    
   122.0000       26.50000       3.916779    
   122.0000       27.00000       3.868168    
   122.0000       27.50000       3.820015    
   122.0000       28.00000       3.807745    
   122.0000       28.50000       3.824658    
   122.0000       29.00000       3.824011    
   122.0000       29.50000       3.790590    
   122.0000       30.00000       3.790800    
   122.0000       30.50000       3.829850    
   122.0000       31.00000       3.858151    
   122.0000       31.50000       3.864379    
   122.0000       32.00000       3.839032    
   122.0000       32.50000       3.830456    
   122.0000       33.00000       3.869408    
   122.0000       33.50000       3.886405    
   122.0000       34.00000       3.861795    
   122.0000       34.50000       3.835085    
   122.0000       35.00000       3.826293    
   122.0000       35.50000       3.835130    
   122.5000       26.50000       3.919431    
   122.5000       27.00000       3.891851    
   122.5000       27.50000       3.866077    
   122.5000       28.00000       3.871836    
   122.5000       28.50000       3.885747    
   122.5000       29.00000       3.869587    
   122.5000       29.50000       3.827948    
   122.5000       30.00000       3.813998    
   122.5000       30.50000       3.826546    
   122.5000       31.00000       3.843100    
   122.5000       31.50000       3.862792    
   122.5000       32.00000       3.867518    
   122.5000       32.50000       3.886029    
   122.5000       33.00000       3.921594    
   122.5000       33.50000       3.921402    
   122.5000       34.00000       3.891900    
   122.5000       34.50000       3.860266    
   122.5000       35.00000       3.825361    
   122.5000       35.50000       3.794087    
   123.0000       26.50000       3.855291    
   123.0000       27.00000       3.854157    
   123.0000       27.50000       3.852709    
   123.0000       28.00000       3.866287    
   123.0000       28.50000       3.880906    
   123.0000       29.00000       3.872547    
   123.0000       29.50000       3.846114    
   123.0000       30.00000       3.828717    
   123.0000       30.50000       3.818756    
   123.0000       31.00000       3.825334    
   123.0000       31.50000       3.842697    
   123.0000       32.00000       3.846514    
   123.0000       32.50000       3.877662    
   123.0000       33.00000       3.918512    
   123.0000       33.50000       3.914014    
   123.0000       34.00000       3.893794    
   123.0000       34.50000       3.883816    
   123.0000       35.00000       3.859336    
   123.0000       35.50000       3.803758    
