   115.0000       26.50000       3.513208    
   115.0000       27.00000       3.548102    
   115.0000       27.50000       3.588250    
   115.0000       28.00000       3.597584    
   115.0000       28.50000       3.593106    
   115.0000       29.00000       3.620544    
   115.0000       29.50000       3.641684    
   115.0000       30.00000       3.578891    
   115.0000       30.50000       3.487635    
   115.0000       31.00000       3.486161    
   115.0000       31.50000       3.531341    
   115.0000       32.00000       3.518579    
   115.0000       32.50000       3.479728    
   115.0000       33.00000       3.477845    
   115.0000       33.50000       3.478189    
   115.0000       34.00000       3.469774    
   115.0000       34.50000       3.500095    
   115.0000       35.00000       3.554077    
   115.0000       35.50000       3.584329    
   115.5000       26.50000       3.543027    
   115.5000       27.00000       3.580984    
   115.5000       27.50000       3.606002    
   115.5000       28.00000       3.597238    
   115.5000       28.50000       3.571029    
   115.5000       29.00000       3.589185    
   115.5000       29.50000       3.623577    
   115.5000       30.00000       3.576765    
   115.5000       30.50000       3.489848    
   115.5000       31.00000       3.479482    
   115.5000       31.50000       3.513058    
   115.5000       32.00000       3.511353    
   115.5000       32.50000       3.504432    
   115.5000       33.00000       3.510916    
   115.5000       33.50000       3.476484    
   115.5000       34.00000       3.439530    
   115.5000       34.50000       3.485876    
   115.5000       35.00000       3.568532    
   115.5000       35.50000       3.607495    
   116.0000       26.50000       3.557364    
   116.0000       27.00000       3.608170    
   116.0000       27.50000       3.644622    
   116.0000       28.00000       3.635185    
   116.0000       28.50000       3.586319    
   116.0000       29.00000       3.575872    
   116.0000       29.50000       3.603452    
   116.0000       30.00000       3.576168    
   116.0000       30.50000       3.513260    
   116.0000       31.00000       3.497981    
   116.0000       31.50000       3.510974    
   116.0000       32.00000       3.521439    
   116.0000       32.50000       3.543087    
   116.0000       33.00000       3.545405    
   116.0000       33.50000       3.480546    
   116.0000       34.00000       3.426358    
   116.0000       34.50000       3.480396    
   116.0000       35.00000       3.574137    
   116.0000       35.50000       3.620747    
   116.5000       26.50000       3.558588    
   116.5000       27.00000       3.609164    
   116.5000       27.50000       3.660517    
   116.5000       28.00000       3.666284    
   116.5000       28.50000       3.612258    
   116.5000       29.00000       3.572828    
   116.5000       29.50000       3.574830    
   116.5000       30.00000       3.555788    
   116.5000       30.50000       3.523072    
   116.5000       31.00000       3.510551    
   116.5000       31.50000       3.511194    
   116.5000       32.00000       3.541008    
   116.5000       32.50000       3.584574    
   116.5000       33.00000       3.577971    
   116.5000       33.50000       3.498245    
   116.5000       34.00000       3.436611    
   116.5000       34.50000       3.482803    
   116.5000       35.00000       3.572477    
   116.5000       35.50000       3.627501    
   117.0000       26.50000       3.570957    
   117.0000       27.00000       3.607488    
   117.0000       27.50000       3.647607    
   117.0000       28.00000       3.655025    
   117.0000       28.50000       3.612195    
   117.0000       29.00000       3.571011    
   117.0000       29.50000       3.558208    
   117.0000       30.00000       3.544458    
   117.0000       30.50000       3.533436    
   117.0000       31.00000       3.516291    
   117.0000       31.50000       3.502790    
   117.0000       32.00000       3.540570    
   117.0000       32.50000       3.593820    
   117.0000       33.00000       3.589435    
   117.0000       33.50000       3.522253    
   117.0000       34.00000       3.468669    
   117.0000       34.50000       3.500664    
   117.0000       35.00000       3.577042    
   117.0000       35.50000       3.630662    
   117.5000       26.50000       3.589553    
   117.5000       27.00000       3.617285    
   117.5000       27.50000       3.625374    
   117.5000       28.00000       3.615246    
   117.5000       28.50000       3.592612    
   117.5000       29.00000       3.578052    
   117.5000       29.50000       3.570670    
   117.5000       30.00000       3.561369    
   117.5000       30.50000       3.556433    
   117.5000       31.00000       3.526645    
   117.5000       31.50000       3.492741    
   117.5000       32.00000       3.515719    
   117.5000       32.50000       3.565679    
   117.5000       33.00000       3.578970    
   117.5000       33.50000       3.547154    
   117.5000       34.00000       3.516328    
   117.5000       34.50000       3.537465    
   117.5000       35.00000       3.591336    
   117.5000       35.50000       3.624905    
   118.0000       26.50000       3.604249    
   118.0000       27.00000       3.633732    
   118.0000       27.50000       3.615160    
   118.0000       28.00000       3.585670    
   118.0000       28.50000       3.575495    
   118.0000       29.00000       3.580893    
   118.0000       29.50000       3.578785    
   118.0000       30.00000       3.572414    
   118.0000       30.50000       3.572566    
   118.0000       31.00000       3.543938    
   118.0000       31.50000       3.502333    
   118.0000       32.00000       3.507671    
   118.0000       32.50000       3.546120    
   118.0000       33.00000       3.568890    
   118.0000       33.50000       3.564178    
   118.0000       34.00000       3.555523    
   118.0000       34.50000       3.571944    
   118.0000       35.00000       3.601673    
   118.0000       35.50000       3.609863    
   118.5000       26.50000       3.623592    
   118.5000       27.00000       3.650288    
   118.5000       27.50000       3.622890    
   118.5000       28.00000       3.582741    
   118.5000       28.50000       3.569176    
   118.5000       29.00000       3.573390    
   118.5000       29.50000       3.571587    
   118.5000       30.00000       3.568544    
   118.5000       30.50000       3.573002    
   118.5000       31.00000       3.556668    
   118.5000       31.50000       3.527837    
   118.5000       32.00000       3.532667    
   118.5000       32.50000       3.558717    
   118.5000       33.00000       3.565558    
   118.5000       33.50000       3.558077    
   118.5000       34.00000       3.560876    
   118.5000       34.50000       3.582252    
   118.5000       35.00000       3.601405    
   118.5000       35.50000       3.595340    
   119.0000       26.50000       3.627840    
   119.0000       27.00000       3.645824    
   119.0000       27.50000       3.627388    
   119.0000       28.00000       3.587821    
   119.0000       28.50000       3.564299    
   119.0000       29.00000       3.562125    
   119.0000       29.50000       3.571496    
   119.0000       30.00000       3.577509    
   119.0000       30.50000       3.572060    
   119.0000       31.00000       3.556357    
   119.0000       31.50000       3.544677    
   119.0000       32.00000       3.555522    
   119.0000       32.50000       3.568727    
   119.0000       33.00000       3.551239    
   119.0000       33.50000       3.529651    
   119.0000       34.00000       3.539119    
   119.0000       34.50000       3.571595    
   119.0000       35.00000       3.590323    
   119.0000       35.50000       3.575975    
   119.5000       26.50000       3.601220    
   119.5000       27.00000       3.620579    
   119.5000       27.50000       3.625072    
   119.5000       28.00000       3.594615    
   119.5000       28.50000       3.557754    
   119.5000       29.00000       3.544754    
   119.5000       29.50000       3.569468    
   119.5000       30.00000       3.591905    
   119.5000       30.50000       3.576558    
   119.5000       31.00000       3.554907    
   119.5000       31.50000       3.551826    
   119.5000       32.00000       3.556062    
   119.5000       32.50000       3.552635    
   119.5000       33.00000       3.528353    
   119.5000       33.50000       3.509395    
   119.5000       34.00000       3.521584    
   119.5000       34.50000       3.548119    
   119.5000       35.00000       3.553728    
   119.5000       35.50000       3.530250    
   120.0000       26.50000       3.588279    
   120.0000       27.00000       3.618205    
   120.0000       27.50000       3.641955    
   120.0000       28.00000       3.617492    
   120.0000       28.50000       3.563308    
   120.0000       29.00000       3.530650    
   120.0000       29.50000       3.553230    
   120.0000       30.00000       3.587631    
   120.0000       30.50000       3.581128    
   120.0000       31.00000       3.561980    
   120.0000       31.50000       3.555656    
   120.0000       32.00000       3.539318    
   120.0000       32.50000       3.518112    
   120.0000       33.00000       3.511627    
   120.0000       33.50000       3.519931    
   120.0000       34.00000       3.528477    
   120.0000       34.50000       3.520630    
   120.0000       35.00000       3.494401    
   120.0000       35.50000       3.467496    
   120.5000       26.50000       3.585184    
   120.5000       27.00000       3.622937    
   120.5000       27.50000       3.653237    
   120.5000       28.00000       3.634306    
   120.5000       28.50000       3.578768    
   120.5000       29.00000       3.539999    
   120.5000       29.50000       3.548264    
   120.5000       30.00000       3.577017    
   120.5000       30.50000       3.583904    
   120.5000       31.00000       3.567340    
   120.5000       31.50000       3.548071    
   120.5000       32.00000       3.513235    
   120.5000       32.50000       3.480194    
   120.5000       33.00000       3.498617    
   120.5000       33.50000       3.548364    
   120.5000       34.00000       3.564277    
   120.5000       34.50000       3.524215    
   120.5000       35.00000       3.466058    
   120.5000       35.50000       3.438666    
   121.0000       26.50000       3.545483    
   121.0000       27.00000       3.586209    
   121.0000       27.50000       3.616296    
   121.0000       28.00000       3.612514    
   121.0000       28.50000       3.589603    
   121.0000       29.00000       3.578684    
   121.0000       29.50000       3.583470    
   121.0000       30.00000       3.596146    
   121.0000       30.50000       3.601532    
   121.0000       31.00000       3.575022    
   121.0000       31.50000       3.536713    
   121.0000       32.00000       3.494553    
   121.0000       32.50000       3.459151    
   121.0000       33.00000       3.486770    
   121.0000       33.50000       3.566040    
   121.0000       34.00000       3.609844    
   121.0000       34.50000       3.575571    
   121.0000       35.00000       3.507353    
   121.0000       35.50000       3.472746    
   121.5000       26.50000       3.512872    
   121.5000       27.00000       3.545247    
   121.5000       27.50000       3.563027    
   121.5000       28.00000       3.574331    
   121.5000       28.50000       3.594517    
   121.5000       29.00000       3.618938    
   121.5000       29.50000       3.627326    
   121.5000       30.00000       3.628738    
   121.5000       30.50000       3.627125    
   121.5000       31.00000       3.588874    
   121.5000       31.50000       3.534154    
   121.5000       32.00000       3.496496    
   121.5000       32.50000       3.471645    
   121.5000       33.00000       3.491780    
   121.5000       33.50000       3.565829    
   121.5000       34.00000       3.627209    
   121.5000       34.50000       3.623263    
   121.5000       35.00000       3.573788    
   121.5000       35.50000       3.535089    
   122.0000       26.50000       3.524860    
   122.0000       27.00000       3.532577    
   122.0000       27.50000       3.527632    
   122.0000       28.00000       3.542077    
   122.0000       28.50000       3.576530    
   122.0000       29.00000       3.601523    
   122.0000       29.50000       3.604050    
   122.0000       30.00000       3.608011    
   122.0000       30.50000       3.611511    
   122.0000       31.00000       3.577960    
   122.0000       31.50000       3.525853    
   122.0000       32.00000       3.510294    
   122.0000       32.50000       3.514843    
   122.0000       33.00000       3.530736    
   122.0000       33.50000       3.576387    
   122.0000       34.00000       3.618261    
   122.0000       34.50000       3.621625    
   122.0000       35.00000       3.597408    
   122.0000       35.50000       3.573472    
   122.5000       26.50000       3.531817    
   122.5000       27.00000       3.508930    
   122.5000       27.50000       3.491573    
   122.5000       28.00000       3.503459    
   122.5000       28.50000       3.520595    
   122.5000       29.00000       3.515959    
   122.5000       29.50000       3.510850    
   122.5000       30.00000       3.532036    
   122.5000       30.50000       3.552541    
   122.5000       31.00000       3.541085    
   122.5000       31.50000       3.511688    
   122.5000       32.00000       3.524807    
   122.5000       32.50000       3.564784    
   122.5000       33.00000       3.588504    
   122.5000       33.50000       3.614266    
   122.5000       34.00000       3.625091    
   122.5000       34.50000       3.601568    
   122.5000       35.00000       3.575465    
   122.5000       35.50000       3.571639    
   123.0000       26.50000       3.511924    
   123.0000       27.00000       3.472287    
   123.0000       27.50000       3.465874    
   123.0000       28.00000       3.479235    
   123.0000       28.50000       3.472580    
   123.0000       29.00000       3.438488    
   123.0000       29.50000       3.427931    
   123.0000       30.00000       3.461791    
   123.0000       30.50000       3.499889    
   123.0000       31.00000       3.519934    
   123.0000       31.50000       3.517769    
   123.0000       32.00000       3.543373    
   123.0000       32.50000       3.600707    
   123.0000       33.00000       3.629674    
   123.0000       33.50000       3.647663    
   123.0000       34.00000       3.652106    
   123.0000       34.50000       3.607444    
   123.0000       35.00000       3.550511    
   123.0000       35.50000       3.540277    
