   115.0000       26.50000       3.676796    
   115.0000       27.00000       3.675800    
   115.0000       27.50000       3.654965    
   115.0000       28.00000       3.677935    
   115.0000       28.50000       3.767285    
   115.0000       29.00000       3.842677    
   115.0000       29.50000       3.846868    
   115.0000       30.00000       3.793503    
   115.0000       30.50000       3.719903    
   115.0000       31.00000       3.647822    
   115.0000       31.50000       3.609195    
   115.0000       32.00000       3.640727    
   115.0000       32.50000       3.700569    
   115.0000       33.00000       3.725615    
   115.0000       33.50000       3.704671    
   115.0000       34.00000       3.665495    
   115.0000       34.50000       3.650805    
   115.0000       35.00000       3.654354    
   115.0000       35.50000       3.642377    
   115.5000       26.50000       3.654099    
   115.5000       27.00000       3.668822    
   115.5000       27.50000       3.656601    
   115.5000       28.00000       3.667205    
   115.5000       28.50000       3.735842    
   115.5000       29.00000       3.813460    
   115.5000       29.50000       3.830908    
   115.5000       30.00000       3.770964    
   115.5000       30.50000       3.691998    
   115.5000       31.00000       3.650419    
   115.5000       31.50000       3.644688    
   115.5000       32.00000       3.668415    
   115.5000       32.50000       3.710393    
   115.5000       33.00000       3.735542    
   115.5000       33.50000       3.715335    
   115.5000       34.00000       3.668446    
   115.5000       34.50000       3.643065    
   115.5000       35.00000       3.644456    
   115.5000       35.50000       3.656200    
   116.0000       26.50000       3.658506    
   116.0000       27.00000       3.667839    
   116.0000       27.50000       3.657969    
   116.0000       28.00000       3.657642    
   116.0000       28.50000       3.695719    
   116.0000       29.00000       3.753074    
   116.0000       29.50000       3.777449    
   116.0000       30.00000       3.731507    
   116.0000       30.50000       3.665393    
   116.0000       31.00000       3.655019    
   116.0000       31.50000       3.680162    
   116.0000       32.00000       3.697376    
   116.0000       32.50000       3.719255    
   116.0000       33.00000       3.738292    
   116.0000       33.50000       3.715201    
   116.0000       34.00000       3.662546    
   116.0000       34.50000       3.633458    
   116.0000       35.00000       3.643219    
   116.0000       35.50000       3.681786    
   116.5000       26.50000       3.658529    
   116.5000       27.00000       3.655785    
   116.5000       27.50000       3.649544    
   116.5000       28.00000       3.651495    
   116.5000       28.50000       3.668556    
   116.5000       29.00000       3.694121    
   116.5000       29.50000       3.714509    
   116.5000       30.00000       3.699803    
   116.5000       30.50000       3.663225    
   116.5000       31.00000       3.665622    
   116.5000       31.50000       3.695396    
   116.5000       32.00000       3.703617    
   116.5000       32.50000       3.710967    
   116.5000       33.00000       3.727772    
   116.5000       33.50000       3.710131    
   116.5000       34.00000       3.660470    
   116.5000       34.50000       3.627663    
   116.5000       35.00000       3.635490    
   116.5000       35.50000       3.680454    
   117.0000       26.50000       3.633042    
   117.0000       27.00000       3.629956    
   117.0000       27.50000       3.637924    
   117.0000       28.00000       3.659171    
   117.0000       28.50000       3.677851    
   117.0000       29.00000       3.682221    
   117.0000       29.50000       3.694993    
   117.0000       30.00000       3.711895    
   117.0000       30.50000       3.703622    
   117.0000       31.00000       3.690459    
   117.0000       31.50000       3.688382    
   117.0000       32.00000       3.678511    
   117.0000       32.50000       3.682599    
   117.0000       33.00000       3.712697    
   117.0000       33.50000       3.711326    
   117.0000       34.00000       3.662951    
   117.0000       34.50000       3.616495    
   117.0000       35.00000       3.610682    
   117.0000       35.50000       3.646958    
   117.5000       26.50000       3.643516    
   117.5000       27.00000       3.638869    
   117.5000       27.50000       3.651031    
   117.5000       28.00000       3.687333    
   117.5000       28.50000       3.717289    
   117.5000       29.00000       3.711257    
   117.5000       29.50000       3.710130    
   117.5000       30.00000       3.738934    
   117.5000       30.50000       3.751706    
   117.5000       31.00000       3.723775    
   117.5000       31.50000       3.681379    
   117.5000       32.00000       3.648876    
   117.5000       32.50000       3.659663    
   117.5000       33.00000       3.709982    
   117.5000       33.50000       3.717438    
   117.5000       34.00000       3.657701    
   117.5000       34.50000       3.600196    
   117.5000       35.00000       3.593871    
   117.5000       35.50000       3.622821    
   118.0000       26.50000       3.714117    
   118.0000       27.00000       3.693953    
   118.0000       27.50000       3.680802    
   118.0000       28.00000       3.707983    
   118.0000       28.50000       3.742518    
   118.0000       29.00000       3.730636    
   118.0000       29.50000       3.710126    
   118.0000       30.00000       3.728955    
   118.0000       30.50000       3.760401    
   118.0000       31.00000       3.749282    
   118.0000       31.50000       3.693940    
   118.0000       32.00000       3.647855    
   118.0000       32.50000       3.662418    
   118.0000       33.00000       3.716025    
   118.0000       33.50000       3.715964    
   118.0000       34.00000       3.645957    
   118.0000       34.50000       3.599451    
   118.0000       35.00000       3.614450    
   118.0000       35.50000       3.638201    
   118.5000       26.50000       3.776299    
   118.5000       27.00000       3.751629    
   118.5000       27.50000       3.706861    
   118.5000       28.00000       3.704884    
   118.5000       28.50000       3.726593    
   118.5000       29.00000       3.715030    
   118.5000       29.50000       3.690901    
   118.5000       30.00000       3.693618    
   118.5000       30.50000       3.725932    
   118.5000       31.00000       3.745385    
   118.5000       31.50000       3.714586    
   118.5000       32.00000       3.670388    
   118.5000       32.50000       3.665391    
   118.5000       33.00000       3.696788    
   118.5000       33.50000       3.698141    
   118.5000       34.00000       3.650693    
   118.5000       34.50000       3.633272    
   118.5000       35.00000       3.659680    
   118.5000       35.50000       3.666456    
   119.0000       26.50000       3.792128    
   119.0000       27.00000       3.794713    
   119.0000       27.50000       3.744660    
   119.0000       28.00000       3.709937    
   119.0000       28.50000       3.700424    
   119.0000       29.00000       3.692616    
   119.0000       29.50000       3.691456    
   119.0000       30.00000       3.687229    
   119.0000       30.50000       3.689106    
   119.0000       31.00000       3.714705    
   119.0000       31.50000       3.726255    
   119.0000       32.00000       3.692487    
   119.0000       32.50000       3.646698    
   119.0000       33.00000       3.650956    
   119.0000       33.50000       3.680546    
   119.0000       34.00000       3.687104    
   119.0000       34.50000       3.691000    
   119.0000       35.00000       3.690475    
   119.0000       35.50000       3.665705    
   119.5000       26.50000       3.776597    
   119.5000       27.00000       3.813067    
   119.5000       27.50000       3.780800    
   119.5000       28.00000       3.729688    
   119.5000       28.50000       3.697685    
   119.5000       29.00000       3.695025    
   119.5000       29.50000       3.718693    
   119.5000       30.00000       3.712912    
   119.5000       30.50000       3.676462    
   119.5000       31.00000       3.687794    
   119.5000       31.50000       3.734059    
   119.5000       32.00000       3.709323    
   119.5000       32.50000       3.632565    
   119.5000       33.00000       3.628316    
   119.5000       33.50000       3.687960    
   119.5000       34.00000       3.733503    
   119.5000       34.50000       3.736052    
   119.5000       35.00000       3.692925    
   119.5000       35.50000       3.641728    
   120.0000       26.50000       3.753110    
   120.0000       27.00000       3.791434    
   120.0000       27.50000       3.775870    
   120.0000       28.00000       3.738037    
   120.0000       28.50000       3.716240    
   120.0000       29.00000       3.718257    
   120.0000       29.50000       3.738159    
   120.0000       30.00000       3.723190    
   120.0000       30.50000       3.674735    
   120.0000       31.00000       3.681319    
   120.0000       31.50000       3.737512    
   120.0000       32.00000       3.715098    
   120.0000       32.50000       3.640571    
   120.0000       33.00000       3.646518    
   120.0000       33.50000       3.710099    
   120.0000       34.00000       3.751944    
   120.0000       34.50000       3.744099    
   120.0000       35.00000       3.688687    
   120.0000       35.50000       3.637929    
   120.5000       26.50000       3.754377    
   120.5000       27.00000       3.755955    
   120.5000       27.50000       3.738871    
   120.5000       28.00000       3.727127    
   120.5000       28.50000       3.731403    
   120.5000       29.00000       3.739855    
   120.5000       29.50000       3.744027    
   120.5000       30.00000       3.723527    
   120.5000       30.50000       3.691187    
   120.5000       31.00000       3.694233    
   120.5000       31.50000       3.724210    
   120.5000       32.00000       3.699291    
   120.5000       32.50000       3.652481    
   120.5000       33.00000       3.666424    
   120.5000       33.50000       3.707030    
   120.5000       34.00000       3.722061    
   120.5000       34.50000       3.714810    
   120.5000       35.00000       3.689674    
   120.5000       35.50000       3.670946    
   121.0000       26.50000       3.772700    
   121.0000       27.00000       3.724411    
   121.0000       27.50000       3.687656    
   121.0000       28.00000       3.687266    
   121.0000       28.50000       3.711484    
   121.0000       29.00000       3.737262    
   121.0000       29.50000       3.745549    
   121.0000       30.00000       3.736197    
   121.0000       30.50000       3.725923    
   121.0000       31.00000       3.716670    
   121.0000       31.50000       3.710894    
   121.0000       32.00000       3.685594    
   121.0000       32.50000       3.661210    
   121.0000       33.00000       3.662964    
   121.0000       33.50000       3.662302    
   121.0000       34.00000       3.648421    
   121.0000       34.50000       3.654459    
   121.0000       35.00000       3.676912    
   121.0000       35.50000       3.704126    
   121.5000       26.50000       3.786652    
   121.5000       27.00000       3.705538    
   121.5000       27.50000       3.647895    
   121.5000       28.00000       3.644201    
   121.5000       28.50000       3.680532    
   121.5000       29.00000       3.720758    
   121.5000       29.50000       3.731983    
   121.5000       30.00000       3.727246    
   121.5000       30.50000       3.729218    
   121.5000       31.00000       3.725672    
   121.5000       31.50000       3.722913    
   121.5000       32.00000       3.704258    
   121.5000       32.50000       3.679984    
   121.5000       33.00000       3.660950    
   121.5000       33.50000       3.617655    
   121.5000       34.00000       3.574153    
   121.5000       34.50000       3.590502    
   121.5000       35.00000       3.645767    
   121.5000       35.50000       3.698309    
   122.0000       26.50000       3.810365    
   122.0000       27.00000       3.731097    
   122.0000       27.50000       3.674149    
   122.0000       28.00000       3.669676    
   122.0000       28.50000       3.704872    
   122.0000       29.00000       3.732136    
   122.0000       29.50000       3.725320    
   122.0000       30.00000       3.708494    
   122.0000       30.50000       3.702144    
   122.0000       31.00000       3.709864    
   122.0000       31.50000       3.732403    
   122.0000       32.00000       3.725163    
   122.0000       32.50000       3.701947    
   122.0000       33.00000       3.682943    
   122.0000       33.50000       3.618479    
   122.0000       34.00000       3.551225    
   122.0000       34.50000       3.568556    
   122.0000       35.00000       3.630080    
   122.0000       35.50000       3.665318    
   122.5000       26.50000       3.834242    
   122.5000       27.00000       3.778555    
   122.5000       27.50000       3.741511    
   122.5000       28.00000       3.743367    
   122.5000       28.50000       3.767119    
   122.5000       29.00000       3.768713    
   122.5000       29.50000       3.753227    
   122.5000       30.00000       3.737634    
   122.5000       30.50000       3.710181    
   122.5000       31.00000       3.699484    
   122.5000       31.50000       3.716992    
   122.5000       32.00000       3.713289    
   122.5000       32.50000       3.707543    
   122.5000       33.00000       3.708759    
   122.5000       33.50000       3.645967    
   122.5000       34.00000       3.575100    
   122.5000       34.50000       3.599465    
   122.5000       35.00000       3.659328    
   122.5000       35.50000       3.655595    
   123.0000       26.50000       3.814833    
   123.0000       27.00000       3.777786    
   123.0000       27.50000       3.761980    
   123.0000       28.00000       3.769741    
   123.0000       28.50000       3.780573    
   123.0000       29.00000       3.771746    
   123.0000       29.50000       3.778535    
   123.0000       30.00000       3.790492    
   123.0000       30.50000       3.754475    
   123.0000       31.00000       3.712220    
   123.0000       31.50000       3.695378    
   123.0000       32.00000       3.685744    
   123.0000       32.50000       3.702351    
   123.0000       33.00000       3.717866    
   123.0000       33.50000       3.660057    
   123.0000       34.00000       3.603434    
   123.0000       34.50000       3.648988    
   123.0000       35.00000       3.722105    
   123.0000       35.50000       3.701105    
