115.5	34.8	3.08011770248
115.8	34.8	3.08038163185
116.1	34.8	3.07998776436
116.4	34.8	3.07225608826
116.7	34.8	3.05032324791
117	34.8	3.03889966011
117.3	34.8	3.06686496735
117.6	34.8	3.09188532829
117.9	34.8	3.08985710144
118.2	34.8	3.08609867096
118.5	34.8	3.10362386703
118.8	34.8	3.13121128082
119.1	34.8	3.13186144829
119.4	34.8	3.09697365761
119.7	34.8	3.07604455948
120	34.8	3.07681131363
120.3	34.8	3.08019113541
120.6	34.8	3.08067846298
120.9	34.8	3.08020019531
121.2	34.8	3.07997298241
121.5	34.8	3.07997632027
121.8	34.8	3.07999658585
122.1	34.8	3.08000206947
122.4	34.8	3.08000040054
115.5	34.5	3.08007121086
115.8	34.5	3.08036351204
116.1	34.5	3.07988858223
116.4	34.5	3.06973195076
116.7	34.5	3.03977751732
117	34.5	3.0227124691
117.3	34.5	3.06096434593
117.6	34.5	3.09954786301
117.9	34.5	3.09544563293
118.2	34.5	3.08391952515
118.5	34.5	3.1076104641
118.8	34.5	3.15489530563
119.1	34.5	3.16211557388
119.4	34.5	3.10624289513
119.7	34.5	3.06856369972
120	34.5	3.06889247894
120.3	34.5	3.07705831528
120.6	34.5	3.08055877686
120.9	34.5	3.08068370819
121.2	34.5	3.08013725281
121.5	34.5	3.07996797562
121.8	34.5	3.07997274399
122.1	34.5	3.07999038696
122.4	34.5	3.08000302315
115.5	34.2	3.07991528511
115.8	34.2	3.08030796051
116.1	34.2	3.08123755455
116.4	34.2	3.07442045212
116.7	34.2	3.0476796627
117	34.2	3.03170585632
117.3	34.2	3.06881976128
117.6	34.2	3.11077642441
117.9	34.2	3.10540676117
118.2	34.2	3.08163404465
118.5	34.2	3.09273552895
118.8	34.2	3.14179873466
119.1	34.2	3.15446639061
119.4	34.2	3.093927145
119.7	34.2	3.05122184753
120	34.2	3.05247569084
120.3	34.2	3.0668194294
120.6	34.2	3.07724666595
120.9	34.2	3.08075380325
121.2	34.2	3.08056950569
121.5	34.2	3.08012032509
121.8	34.2	3.08000612259
122.1	34.2	3.07995820045
122.4	34.2	3.07998347282
115.5	33.9	3.07977080345
115.8	33.9	3.08067464828
116.1	33.9	3.08473324776
116.4	33.9	3.08516049385
116.7	33.9	3.06591701508
117	33.9	3.050137043
117.3	33.9	3.0772690773
117.6	33.9	3.11342430115
117.9	33.9	3.10771226883
118.2	33.9	3.07952523232
118.5	33.9	3.07338953018
118.8	33.9	3.09810566902
119.1	33.9	3.09764361382
119.4	33.9	3.04871702194
119.7	33.9	3.02230095863
120	33.9	3.0292775631
120.3	33.9	3.04800128937
120.6	33.9	3.06757426262
120.9	33.9	3.07865834236
121.2	33.9	3.08092474937
121.5	33.9	3.08050918579
121.8	33.9	3.08031749725
122.1	33.9	3.08007478714
122.4	33.9	3.07993865013
115.5	33.6	3.07981586456
115.8	33.6	3.08160233498
116.1	33.6	3.08886122704
116.4	33.6	3.09595012665
116.7	33.6	3.08406972885
117	33.6	3.06706309319
117.3	33.6	3.08189678192
117.6	33.6	3.10156178474
117.9	33.6	3.08503603935
118.2	33.6	3.06253004074
118.5	33.6	3.05851602554
118.8	33.6	3.04889440536
119.1	33.6	3.01672649384
119.4	33.6	2.98597693443
119.7	33.6	2.9887714386
120	33.6	3.00700426102
120.3	33.6	3.02702331543
120.6	33.6	3.05184340477
120.9	33.6	3.07263803482
121.2	33.6	3.080265522
121.5	33.6	3.08026576042
121.8	33.6	3.08059811592
122.1	33.6	3.08061242104
122.4	33.6	3.08007240295
115.5	33.3	3.08000874519
115.8	33.3	3.08199477196
116.1	33.3	3.08810544014
116.4	33.3	3.0948445797
116.7	33.3	3.09365773201
117	33.3	3.09340906143
117.3	33.3	3.10950088501
117.6	33.3	3.1077337265
117.9	33.3	3.07044219971
118.2	33.3	3.05073523521
118.5	33.3	3.05612444878
118.8	33.3	3.01135277748
119.1	33.3	2.94203281403
119.4	33.3	2.92879772186
119.7	33.3	2.95833349228
120	33.3	2.98856186867
120.3	33.3	3.0093152523
120.6	33.3	3.03100991249
120.9	33.3	3.061429739
121.2	33.3	3.0781211853
121.5	33.3	3.07645320892
121.8	33.3	3.07812452316
122.1	33.3	3.08093047142
122.4	33.3	3.08061742783
115.5	33	3.08022022247
115.8	33	3.08106207848
116.1	33	3.08021807671
116.4	33	3.07648944855
116.7	33	3.08355355263
117	33	3.11110901833
117.3	33	3.1468873024
117.6	33	3.1461687088
117.9	33	3.11005759239
118.2	33	3.09204125404
118.5	33	3.08791255951
118.8	33	3.00550031662
119.1	33	2.89520645142
119.4	33	2.88301849365
119.7	33	2.92505121231
120	33	2.95751786232
120.3	33	2.97598552704
120.6	33	2.990691185
120.9	33	3.0431625843
121.2	33	3.07920026779
121.5	33	3.06584000587
121.8	33	3.06721735001
122.1	33	3.07839298248
122.4	33	3.08101844788
115.5	32.7	3.08052873611
115.8	32.7	3.08056378365
116.1	32.7	3.07434535027
116.4	32.7	3.06242012978
116.7	32.7	3.06605792046
117	32.7	3.08571577072
117.3	32.7	3.11784505844
117.6	32.7	3.14472723007
117.9	32.7	3.15093588829
118.2	32.7	3.14067864418
118.5	32.7	3.10410404205
118.8	32.7	3.01049137115
119.1	32.7	2.90201926231
119.4	32.7	2.88058972359
119.7	32.7	2.90123581886
120	32.7	2.8989007473
120.3	32.7	2.89740920067
120.6	32.7	2.91126537323
120.9	32.7	3.0256421566
121.2	32.7	3.10375356674
121.5	32.7	3.05654120445
121.8	32.7	3.04775047302
122.1	32.7	3.0714328289
122.4	32.7	3.08011960983
115.5	32.4	3.08083963394
115.8	32.4	3.08148217201
116.1	32.4	3.07649040222
116.4	32.4	3.0693230629
116.7	32.4	3.0659263134
117	32.4	3.04140019417
117.3	32.4	3.0300719738
117.6	32.4	3.07402300835
117.9	32.4	3.13725018501
118.2	32.4	3.1488263607
118.5	32.4	3.08530688286
118.8	32.4	3.0109436512
119.1	32.4	2.96183562279
119.4	32.4	2.95941543579
119.7	32.4	2.94052362442
120	32.4	2.87118601799
120.3	32.4	2.837059021
120.6	32.4	2.85509133339
120.9	32.4	3.04323267937
121.2	32.4	3.16881489754
121.5	32.4	3.07384872437
121.8	32.4	3.04029774666
122.1	32.4	3.06775474548
122.4	32.4	3.0788526535
115.5	32.1	3.08146977425
115.8	32.1	3.0843963623
116.1	32.1	3.08682703972
116.4	32.1	3.09536647797
116.7	32.1	3.09254550934
117	32.1	3.02750658989
117.3	32.1	2.97183966637
117.6	32.1	3.01417851448
117.9	32.1	3.10291433334
118.2	32.1	3.12868475914
118.5	32.1	3.07077670097
118.8	32.1	3.02502608299
119.1	32.1	3.00622987747
119.4	32.1	2.99958968163
119.7	32.1	2.98619556427
120	32.1	2.94621658325
120.3	32.1	2.93394064903
120.6	32.1	2.93814110756
120.9	32.1	3.07709622383
121.2	32.1	3.17642760277
121.5	32.1	3.09252023697
121.8	32.1	3.06434702873
122.1	32.1	3.07927513123
122.4	32.1	3.08084797859
115.5	31.8	3.08255696297
115.8	31.8	3.08902025223
116.1	31.8	3.0995593071
116.4	31.8	3.12059283257
116.7	31.8	3.12305188179
117	31.8	3.05179071426
117.3	31.8	2.98165822029
117.6	31.8	3.00895619392
117.9	31.8	3.08474326134
118.2	31.8	3.11080288887
118.5	31.8	3.09075427055
118.8	31.8	3.08008551598
119.1	31.8	3.05151247978
119.4	31.8	2.98437857628
119.7	31.8	2.94305300713
120	31.8	2.9796602726
120.3	31.8	3.05998897552
120.6	31.8	3.06740283966
120.9	31.8	3.08431077003
121.2	31.8	3.12204885483
121.5	31.8	3.11348772049
121.8	31.8	3.11659479141
122.1	31.8	3.10336375237
122.4	31.8	3.08582878113
115.5	31.5	3.08285617828
115.8	31.5	3.09135699272
116.1	31.5	3.10613799095
116.4	31.5	3.12839221954
116.7	31.5	3.13678240776
117	31.5	3.09634065628
117.3	31.5	3.04707717896
117.6	31.5	3.04876494408
117.9	31.5	3.0843000412
118.2	31.5	3.08894705772
118.5	31.5	3.08059883118
118.8	31.5	3.08813500404
119.1	31.5	3.07795381546
119.4	31.5	3.01487660408
119.7	31.5	2.95681428909
120	31.5	3.00470256805
120.3	31.5	3.10845351219
120.6	31.5	3.10733151436
120.9	31.5	3.05348181725
121.2	31.5	3.07347249985
121.5	31.5	3.12518906593
121.8	31.5	3.13739514351
122.1	31.5	3.10667800903
122.4	31.5	3.08410692215
115.5	31.2	3.08149671555
115.8	31.2	3.08820962906
116.1	31.2	3.10163378716
116.4	31.2	3.12093710899
116.7	31.2	3.13813924789
117	31.2	3.13976144791
117.3	31.2	3.12836003304
117.6	31.2	3.11812210083
117.9	31.2	3.11162996292
118.2	31.2	3.0725877285
118.5	31.2	3.03066968918
118.8	31.2	3.02749681473
119.1	31.2	3.05487585068
119.4	31.2	3.06220030785
119.7	31.2	3.04747533798
120	31.2	3.06568741798
120.3	31.2	3.08341550827
120.6	31.2	3.0560324192
120.9	31.2	3.05172562599
121.2	31.2	3.11248683929
121.5	31.2	3.14950489998
121.8	31.2	3.12713551521
122.1	31.2	3.09374952316
122.4	31.2	3.07830142975
115.5	30.9	3.07981228828
115.8	30.9	3.08256173134
116.1	30.9	3.09069848061
116.4	30.9	3.10719060898
116.7	30.9	3.13269948959
117	30.9	3.1618475914
117.3	30.9	3.18153572083
117.6	30.9	3.18635010719
117.9	30.9	3.1718788147
118.2	30.9	3.1127705574
118.5	30.9	3.04542064667
118.8	30.9	3.02432274818
119.1	30.9	3.06332659721
119.4	30.9	3.09757685661
119.7	30.9	3.11552023888
120	30.9	3.1212053299
120.3	30.9	3.05420804024
120.6	30.9	3.01642632484
120.9	30.9	3.08713841438
121.2	30.9	3.1674478054
121.5	30.9	3.16259741783
121.8	30.9	3.12450551987
122.1	30.9	3.105645895
122.4	30.9	3.08974647522
115.5	30.6	3.07936167717
115.8	30.6	3.07935619354
116.1	30.6	3.08215069771
116.4	30.6	3.09238505363
116.7	30.6	3.11648702621
117	30.6	3.15274190903
117.3	30.6	3.18666148186
117.6	30.6	3.2116549015
117.9	30.6	3.22339129448
118.2	30.6	3.19234156609
118.5	30.6	3.13165616989
118.8	30.6	3.10616183281
119.1	30.6	3.1466190815
119.4	30.6	3.16705608368
119.7	30.6	3.17011022568
120	30.6	3.16314268112
120.3	30.6	3.07878708839
120.6	30.6	3.04769515991
120.9	30.6	3.09245061874
121.2	30.6	3.11689639091
121.5	30.6	3.11033606529
121.8	30.6	3.11862945557
122.1	30.6	3.13743853569
122.4	30.6	3.11910319328
115.5	30.3	3.07970738411
115.8	30.3	3.07903313637
116.1	30.3	3.07870149612
116.4	30.3	3.08218765259
116.7	30.3	3.09604382515
117	30.3	3.12306189537
117.3	30.3	3.15534710884
117.6	30.3	3.18952131271
117.9	30.3	3.21968150139
118.2	30.3	3.20596027374
118.5	30.3	3.14594912529
118.8	30.3	3.1323428154
119.1	30.3	3.18772029877
119.4	30.3	3.20402288437
119.7	30.3	3.1853749752
120	30.3	3.16939520836
120.3	30.3	3.12557816505
120.6	30.3	3.11095619202
120.9	30.3	3.09756803513
121.2	30.3	3.0747590065
121.5	30.3	3.08534145355
121.8	30.3	3.12323284149
122.1	30.3	3.15388250351
122.4	30.3	3.13390874863
115.5	30	3.08001708984
115.8	30	3.07965922356
116.1	30	3.078748703
116.4	30	3.07846140862
116.7	30	3.08296132088
117	30	3.09668493271
117.3	30	3.11979055405
117.6	30	3.1505587101
117.9	30	3.17657542229
118.2	30	3.15366506577
118.5	30	3.08934402466
118.8	30	3.09631037712
119.1	30	3.17107367516
119.4	30	3.19821286201
119.7	30	3.18440699577
120	30	3.19138336182
120.3	30	3.19565558434
120.6	30	3.17614150047
120.9	30	3.13927078247
121.2	30	3.134308815
121.5	30	3.15851330757
121.8	30	3.17030596733
122.1	30	3.15991163254
122.4	30	3.12308216095
115.5	29.7	3.0800614357
115.8	29.7	3.08003568649
116.1	29.7	3.0795943737
116.4	29.7	3.07860565186
116.7	29.7	3.07850694656
117	29.7	3.08260369301
117.3	29.7	3.09458327293
117.6	29.7	3.11717319489
117.9	29.7	3.14285254478
118.2	29.7	3.14557123184
118.5	29.7	3.13442969322
118.8	29.7	3.16425418854
119.1	29.7	3.20732069016
119.4	29.7	3.21228647232
119.7	29.7	3.19230937958
120	29.7	3.19714665413
120.3	29.7	3.21058630943
120.6	29.7	3.18607258797
120.9	29.7	3.16415882111
121.2	29.7	3.18886256218
121.5	29.7	3.20980072021
121.8	29.7	3.1919324398
122.1	29.7	3.14895057678
122.4	29.7	3.10491037369
115.5	29.4	3.08001160622
115.8	29.4	3.08007264137
116.1	29.4	3.08003473282
116.4	29.4	3.07955241203
116.7	29.4	3.0786049366
117	29.4	3.07842445374
117.3	29.4	3.08232760429
117.6	29.4	3.09672808647
117.9	29.4	3.12805128098
118.2	29.4	3.17423295975
118.5	29.4	3.21893501282
118.8	29.4	3.23555493355
119.1	29.4	3.22150158882
119.4	29.4	3.20408558846
119.7	29.4	3.19582271576
120	29.4	3.19968724251
120.3	29.4	3.20374464989
120.6	29.4	3.18658256531
120.9	29.4	3.18267560005
121.2	29.4	3.20973324776
121.5	29.4	3.21046376228
121.8	29.4	3.17134714127
122.1	29.4	3.12212848663
122.4	29.4	3.0887157917
115.5	29.1	3.07999444008
115.8	29.1	3.08001446724
116.1	29.1	3.08007645607
116.4	29.1	3.08002638817
116.7	29.1	3.07956528664
117	29.1	3.07862496376
117.3	29.1	3.07846713066
117.6	29.1	3.08443880081
117.9	29.1	3.10830450058
118.2	29.1	3.16002964973
118.5	29.1	3.21819353104
118.8	29.1	3.23307681084
119.1	29.1	3.20530056953
119.4	29.1	3.19541120529
119.7	29.1	3.21428632736
120	29.1	3.21122598648
120.3	29.1	3.19482421875
120.6	29.1	3.18810296059
120.9	29.1	3.19689226151
121.2	29.1	3.21257209778
121.5	29.1	3.19236063957
121.8	29.1	3.14019799232
122.1	29.1	3.09777951241
122.4	29.1	3.0796983242
115.5	28.8	3.07999873161
115.8	28.8	3.07999396324
116.1	28.8	3.08001685143
116.4	28.8	3.08007240295
116.7	28.8	3.08002352715
117	28.8	3.0795507431
117.3	28.8	3.0784509182
117.6	28.8	3.07879018784
117.9	28.8	3.0891289711
118.2	28.8	3.12223339081
118.5	28.8	3.17187142372
118.8	28.8	3.20016264915
119.1	28.8	3.19392776489
119.4	28.8	3.20961713791
119.7	28.8	3.24148988724
120	28.8	3.2170791626
120.3	28.8	3.18280887604
120.6	28.8	3.1866941452
120.9	28.8	3.20366001129
121.2	28.8	3.207062006
121.5	28.8	3.17121315002
121.8	28.8	3.11531066895
122.1	28.8	3.08395934105
122.4	28.8	3.0771279335
115.5	28.5	3.08000016212
115.8	28.5	3.07999849319
116.1	28.5	3.07999491692
116.4	28.5	3.08001708984
116.7	28.5	3.08006572723
117	28.5	3.0800049305
117.3	28.5	3.07938289642
117.6	28.5	3.07807636261
117.9	28.5	3.07999897003
118.2	28.5	3.09662246704
118.5	28.5	3.13515210152
118.8	28.5	3.17412877083
119.1	28.5	3.1931142807
119.4	28.5	3.22313547134
119.7	28.5	3.24137210846
120	28.5	3.1999027729
120.3	28.5	3.16989278793
120.6	28.5	3.19363999367
120.9	28.5	3.22269773483
121.2	28.5	3.21173977852
121.5	28.5	3.15606117249
121.8	28.5	3.09912419319
122.1	28.5	3.0780313015
122.4	28.5	3.0774242878
115.5	28.2	3.07999992371
115.8	28.2	3.08000016212
116.1	28.2	3.07999849319
116.4	28.2	3.07999706268
116.7	28.2	3.08001804352
117	28.2	3.08006644249
117.3	28.2	3.0799267292
117.6	28.2	3.07890558243
117.9	28.2	3.07780504227
118.2	28.2	3.08485269547
118.5	28.2	3.11388087273
118.8	28.2	3.15934371948
119.1	28.2	3.19582486153
119.4	28.2	3.2183713913
119.7	28.2	3.20921349525
120	28.2	3.16596221924
120.3	28.2	3.1549077034
120.6	28.2	3.20065784454
120.9	28.2	3.24748110771
121.2	28.2	3.22630786896
121.5	28.2	3.14963936806
121.8	28.2	3.09112286568
122.1	28.2	3.07634234428
122.4	28.2	3.07825803757
115.5	27.9	3.07999992371
115.8	27.9	3.07999992371
116.1	27.9	3.07999968529
116.4	27.9	3.07999825478
116.7	27.9	3.08000063896
117	27.9	3.08003234863
117.3	27.9	3.08005189896
117.6	27.9	3.0795404911
117.9	27.9	3.07808804512
118.2	27.9	3.08084392548
118.5	27.9	3.10268807411
118.8	27.9	3.1486017704
119.1	27.9	3.19028902054
119.4	27.9	3.19656014442
119.7	27.9	3.16687083244
120	27.9	3.13134121895
120.3	27.9	3.13363528252
120.6	27.9	3.18599152565
120.9	27.9	3.24313235283
121.2	27.9	3.22344708443
121.5	27.9	3.14183187485
121.8	27.9	3.08750796318
122.1	27.9	3.07666921616
122.4	27.9	3.07890677452
115.5	27.6	3.07999992371
115.8	27.6	3.07999992371
116.1	27.6	3.07999992371
116.4	27.6	3.07999944687
116.7	27.6	3.07999873161
117	27.6	3.0800113678
117.3	27.6	3.0800549984
117.6	27.6	3.07983994484
117.9	27.6	3.07873392105
118.2	27.6	3.07930135727
118.5	27.6	3.09280228615
118.8	27.6	3.12773728371
119.1	27.6	3.16032457352
119.4	27.6	3.15650391579
119.7	27.6	3.12566494942
120	27.6	3.10266208649
120.3	27.6	3.10878443718
120.6	27.6	3.14988207817
120.9	27.6	3.1992893219
121.2	27.6	3.18739390373
121.5	27.6	3.12361097336
121.8	27.6	3.08399534225
122.1	27.6	3.07753777504
122.4	27.6	3.07937049866
115.5	27.3	3.07999992371
115.8	27.3	3.07999992371
116.1	27.3	3.07999992371
116.4	27.3	3.07999992371
116.7	27.3	3.07999825478
117	27.3	3.08000397682
117.3	27.3	3.08003807068
117.6	27.3	3.07999920845
117.9	27.3	3.07928586006
118.2	27.3	3.07841134071
118.5	27.3	3.08335042
118.8	27.3	3.09999442101
119.1	27.3	3.1160223484
119.4	27.3	3.11111354828
119.7	27.3	3.09406256676
120	27.3	3.08403372765
120.3	27.3	3.08873581886
120.6	27.3	3.11084008217
120.9	27.3	3.1398563385
121.2	27.3	3.13452363014
121.5	27.3	3.09985733032
121.8	27.3	3.08012676239
122.1	27.3	3.07821631432
122.4	27.3	3.07973837852
