115.5	34.8	3.23530745506
115.8	34.8	3.23506498337
116.1	34.8	3.23379158974
116.4	34.8	3.21714782715
116.7	34.8	3.1713757515
117	34.8	3.13726115227
117.3	34.8	3.1666123867
117.6	34.8	3.20845222473
117.9	34.8	3.22466206551
118.2	34.8	3.22512483597
118.5	34.8	3.23811411858
118.8	34.8	3.26781487465
119.1	34.8	3.28094911575
119.4	34.8	3.25625228882
119.7	34.8	3.23443198204
120	34.8	3.23247814178
120.3	34.8	3.23474478722
120.6	34.8	3.23493719101
120.9	34.8	3.23429059982
121.2	34.8	3.23392724991
121.5	34.8	3.23394727707
121.8	34.8	3.23400187492
122.1	34.8	3.23400211334
122.4	34.8	3.23399996758
115.5	34.5	3.23501968384
115.8	34.5	3.23491406441
116.1	34.5	3.23242378235
116.4	34.5	3.21005916595
116.7	34.5	3.15367555618
117	34.5	3.11408519745
117.3	34.5	3.15301823616
117.6	34.5	3.21113276482
117.9	34.5	3.23031663895
118.2	34.5	3.2190117836
118.5	34.5	3.23188734055
118.8	34.5	3.2808072567
119.1	34.5	3.30522584915
119.4	34.5	3.2647986412
119.7	34.5	3.22721219063
120	34.5	3.22432732582
120.3	34.5	3.23136091232
120.6	34.5	3.23514962196
120.9	34.5	3.23533892632
121.2	34.5	3.23431491852
121.5	34.5	3.23388004303
121.8	34.5	3.23395729065
122.1	34.5	3.23400402069
122.4	34.5	3.23400115967
115.5	34.2	3.23420953751
115.8	34.2	3.23448705673
116.1	34.2	3.23194026947
116.4	34.2	3.21362137794
116.7	34.2	3.17130446434
117	34.2	3.14419531822
117.3	34.2	3.17820429802
117.6	34.2	3.23161745071
117.9	34.2	3.24613237381
118.2	34.2	3.22010731697
118.5	34.2	3.22122716904
118.8	34.2	3.27338242531
119.1	34.2	3.2974653244
119.4	34.2	3.24276590347
119.7	34.2	3.19719147682
120	34.2	3.1991751194
120.3	34.2	3.21616244316
120.6	34.2	3.23016667366
120.9	34.2	3.23608493805
121.2	34.2	3.23572683334
121.5	34.2	3.23419427872
121.8	34.2	3.23388147354
122.1	34.2	3.23397922516
122.4	34.2	3.23400163651
115.5	33.9	3.23399114609
115.8	33.9	3.23406338692
116.1	33.9	3.23239779472
116.4	33.9	3.22397136688
116.7	33.9	3.20524644852
117	33.9	3.19230389595
117.3	33.9	3.21181488037
117.6	33.9	3.24564003944
117.9	33.9	3.24939107895
118.2	33.9	3.2209379673
118.5	33.9	3.21430683136
118.8	33.9	3.25035142899
119.1	33.9	3.25318408012
119.4	33.9	3.18399834633
119.7	33.9	3.14016842842
120	33.9	3.15732288361
120.3	33.9	3.18638682365
120.6	33.9	3.21211028099
120.9	33.9	3.23095154762
121.2	33.9	3.23722696304
121.5	33.9	3.2354631424
121.8	33.9	3.2340400219
122.1	33.9	3.23395037651
122.4	33.9	3.23399448395
115.5	33.6	3.2340400219
115.8	33.6	3.23363685608
116.1	33.6	3.23298740387
116.4	33.6	3.2343044281
116.7	33.6	3.23515963554
117	33.6	3.23187160492
117.3	33.6	3.24056243896
117.6	33.6	3.25073027611
117.9	33.6	3.23232746124
118.2	33.6	3.21032476425
118.5	33.6	3.21553349495
118.8	33.6	3.22394394875
119.1	33.6	3.18542718887
119.4	33.6	3.10700321198
119.7	33.6	3.07687497139
120	33.6	3.11944723129
120.3	33.6	3.15223145485
120.6	33.6	3.17146539688
120.9	33.6	3.20642995834
121.2	33.6	3.23293471336
121.5	33.6	3.23678946495
121.8	33.6	3.23458504677
122.1	33.6	3.23403000832
122.4	33.6	3.23401403427
115.5	33.3	3.23396658897
115.8	33.3	3.23253941536
116.1	33.3	3.2311694622
116.4	33.3	3.23785805702
116.7	33.3	3.25267720222
117	33.3	3.26474165916
117.3	33.3	3.27646017075
117.6	33.3	3.26727938652
117.9	33.3	3.22728013992
118.2	33.3	3.21238279343
118.5	33.3	3.23364663124
118.8	33.3	3.20339751244
119.1	33.3	3.11106085777
119.4	33.3	3.03273677826
119.7	33.3	3.02463245392
120	33.3	3.09088802338
120.3	33.3	3.11583995819
120.6	33.3	3.1003651619
120.9	33.3	3.14841461182
121.2	33.3	3.21491003036
121.5	33.3	3.235060215
121.8	33.3	3.23441696167
122.1	33.3	3.23401594162
122.4	33.3	3.23408794403
115.5	33	3.23358941078
115.8	33	3.23043417931
116.1	33	3.22685337067
116.4	33	3.23430156708
116.7	33	3.25460910797
117	33	3.27893233299
117.3	33	3.30011582375
117.6	33	3.28839731216
117.9	33	3.25417089462
118.2	33	3.25175595284
118.5	33	3.26846623421
118.8	33	3.2056593895
119.1	33	3.08173394203
119.4	33	3.00361323357
119.7	33	2.99208498001
120	33	3.05134606361
120.3	33	3.06916379929
120.6	33	3.01469421387
120.9	33	3.07303476334
121.2	33	3.19363260269
121.5	33	3.23153471947
121.8	33	3.23163318634
122.1	33	3.23299670219
122.4	33	3.23396229744
115.5	32.7	3.23298835754
115.8	32.7	3.2287967205
116.1	32.7	3.22626280785
116.4	32.7	3.23699235916
116.7	32.7	3.25266957283
117	32.7	3.2622730732
117.3	32.7	3.27296543121
117.6	32.7	3.27206540108
117.9	32.7	3.26582455635
118.2	32.7	3.26983046532
118.5	32.7	3.26347494125
118.8	32.7	3.20934653282
119.1	32.7	3.12550497055
119.4	32.7	3.076628685
119.7	32.7	3.03948116302
120	32.7	3.04206490517
120.3	32.7	3.04147076607
120.6	32.7	2.96456313133
120.9	32.7	3.04401493073
121.2	32.7	3.21543550491
121.5	32.7	3.24247741699
121.8	32.7	3.22849106789
122.1	32.7	3.23094320297
122.4	32.7	3.23327851295
115.5	32.4	3.23229002953
115.8	32.4	3.22850942612
116.1	32.4	3.23206090927
116.4	32.4	3.25220942497
116.7	32.4	3.26013803482
117	32.4	3.2318880558
117.3	32.4	3.21245646477
117.6	32.4	3.23528862
117.9	32.4	3.2693066597
118.2	32.4	3.2731821537
118.5	32.4	3.23815178871
118.8	32.4	3.20273280144
119.1	32.4	3.176674366
119.4	32.4	3.17229652405
119.7	32.4	3.13043117523
120	32.4	3.07310843468
120.3	32.4	3.03543972969
120.6	32.4	2.96231174469
120.9	32.4	3.09698534012
121.2	32.4	3.30103182793
121.5	32.4	3.27925610542
121.8	32.4	3.23391127586
122.1	32.4	3.2317481041
122.4	32.4	3.23294329643
115.5	32.1	3.2317481041
115.8	32.1	3.22910547256
116.1	32.1	3.24006414413
116.4	32.1	3.27233815193
116.7	32.1	3.27665758133
117	32.1	3.20861339569
117.3	32.1	3.15351748466
117.6	32.1	3.19854426384
117.9	32.1	3.26576256752
118.2	32.1	3.270829916
118.5	32.1	3.22769784927
118.8	32.1	3.20326185226
119.1	32.1	3.19657993317
119.4	32.1	3.19907617569
119.7	32.1	3.17416572571
120	32.1	3.134506464
120.3	32.1	3.1157810688
120.6	32.1	3.07970738411
120.9	32.1	3.19725012779
121.2	32.1	3.33712029457
121.5	32.1	3.29114747047
121.8	32.1	3.24811220169
122.1	32.1	3.24038982391
122.4	32.1	3.23471832275
115.5	31.8	3.23197388649
115.8	31.8	3.23036575317
116.1	31.8	3.24348068237
116.4	31.8	3.28007006645
116.7	31.8	3.29131627083
117	31.8	3.22266983986
117.3	31.8	3.15221571922
117.6	31.8	3.1838183403
117.9	31.8	3.24275708199
118.2	31.8	3.24570155144
118.5	31.8	3.22405028343
118.8	31.8	3.22085547447
119.1	31.8	3.22044324875
119.4	31.8	3.20037722588
119.7	31.8	3.16674637794
120	31.8	3.17205357552
120.3	31.8	3.20925354958
120.6	31.8	3.21200990677
120.9	31.8	3.2467956543
121.2	31.8	3.28598809242
121.5	31.8	3.2777569294
121.8	31.8	3.27340221405
122.1	31.8	3.25561451912
122.4	31.8	3.2381374836
115.5	31.5	3.23322296143
115.8	31.5	3.23286366463
116.1	31.5	3.24070358276
116.4	31.5	3.26354837418
116.7	31.5	3.280159235
117	31.5	3.25546884537
117.3	31.5	3.21430277824
117.6	31.5	3.2154378891
117.9	31.5	3.22902131081
118.2	31.5	3.21323156357
118.5	31.5	3.20688486099
118.8	31.5	3.22124481201
119.1	31.5	3.23663949966
119.4	31.5	3.21713471413
119.7	31.5	3.17348265648
120	31.5	3.19147133827
120.3	31.5	3.24628615379
120.6	31.5	3.25834989548
120.9	31.5	3.2360701561
121.2	31.5	3.23623228073
121.5	31.5	3.2742562294
121.8	31.5	3.28899621964
122.1	31.5	3.26006960869
122.4	31.5	3.23625898361
115.5	31.2	3.23418331146
115.8	31.2	3.23491239548
116.1	31.2	3.23756718636
116.4	31.2	3.24569106102
116.7	31.2	3.2638168335
117	31.2	3.28211784363
117.3	31.2	3.28011846542
117.6	31.2	3.26626586914
117.9	31.2	3.24477720261
118.2	31.2	3.20649814606
118.5	31.2	3.18991374969
118.8	31.2	3.19911265373
119.1	31.2	3.22899675369
119.4	31.2	3.23695421219
119.7	31.2	3.21039056778
120	31.2	3.21847510338
120.3	31.2	3.24413561821
120.6	31.2	3.2422246933
120.9	31.2	3.22887420654
121.2	31.2	3.25124573708
121.5	31.2	3.29402709007
121.8	31.2	3.29388427734
122.1	31.2	3.25634098053
122.4	31.2	3.22977757454
115.5	30.9	3.23404049873
115.8	30.9	3.23479008675
116.1	30.9	3.23672294617
116.4	30.9	3.24374437332
116.7	30.9	3.2667119503
117	30.9	3.30078721046
117.3	30.9	3.31074595451
117.6	30.9	3.29706788063
117.9	30.9	3.27855300903
118.2	30.9	3.24515581131
118.5	30.9	3.21764206886
118.8	30.9	3.21142554283
119.1	30.9	3.24234628677
119.4	30.9	3.26042866707
119.7	30.9	3.25119447708
120	30.9	3.25319457054
120.3	30.9	3.24007964134
120.6	30.9	3.22783041
120.9	30.9	3.25139856339
121.2	30.9	3.288615942
121.5	30.9	3.30479955673
121.8	30.9	3.29709362984
122.1	30.9	3.26616406441
122.4	30.9	3.23436808586
115.5	30.6	3.23375463486
115.8	30.6	3.23381495476
116.1	30.6	3.23511075974
116.4	30.6	3.2421195507
116.7	30.6	3.2648704052
117	30.6	3.29749774933
117.3	30.6	3.3081099987
117.6	30.6	3.3050327301
117.9	30.6	3.31263518333
118.2	30.6	3.30702495575
118.5	30.6	3.27739977837
118.8	30.6	3.26058578491
119.1	30.6	3.28578925133
119.4	30.6	3.2905819416
119.7	30.6	3.28255295753
120	30.6	3.28508424759
120.3	30.6	3.25145864487
120.6	30.6	3.24111390114
120.9	30.6	3.27382302284
121.2	30.6	3.28927326202
121.5	30.6	3.2810280323
121.8	30.6	3.28565788269
122.1	30.6	3.28262066841
122.4	30.6	3.25437688828
115.5	30.3	3.23384237289
115.8	30.3	3.23347949982
116.1	30.3	3.23335385323
116.4	30.3	3.23634338379
116.7	30.3	3.24866533279
117	30.3	3.267816782
117.3	30.3	3.27866792679
117.6	30.3	3.29189944267
117.9	30.3	3.31973481178
118.2	30.3	3.32163214684
118.5	30.3	3.27361774445
118.8	30.3	3.25257110596
119.1	30.3	3.29016876221
119.4	30.3	3.30299854279
119.7	30.3	3.29584622383
120	30.3	3.30123090744
120.3	30.3	3.28318691254
120.6	30.3	3.27179980278
120.9	30.3	3.27738618851
121.2	30.3	3.2748439312
121.5	30.3	3.26848316193
121.8	30.3	3.2743909359
122.1	30.3	3.28439283371
122.4	30.3	3.26782941818
115.5	30	3.23400831223
115.8	30	3.23377847672
116.1	30	3.2331764698
116.4	30	3.23316335678
116.7	30	3.23692679405
117	30	3.24532556534
117.3	30	3.25467324257
117.6	30	3.27051281929
117.9	30	3.29298043251
118.2	30	3.27887606621
118.5	30	3.21442627907
118.8	30	3.20329904556
119.1	30	3.26842498779
119.4	30	3.30859303474
119.7	30	3.30329918861
120	30	3.31641554832
120.3	30	3.32841491699
120.6	30	3.30954408646
120.9	30	3.28667879105
121.2	30	3.29202747345
121.5	30	3.30640983582
121.8	30	3.29929089546
122.1	30	3.28627753258
122.4	30	3.26333808899
115.5	29.7	3.23403453827
115.8	29.7	3.23401856422
116.1	29.7	3.23370933533
116.4	29.7	3.23304772377
116.7	29.7	3.23316073418
117	29.7	3.23567581177
117.3	29.7	3.24127936363
117.6	29.7	3.25260162354
117.9	29.7	3.26937842369
118.2	29.7	3.27336645126
118.5	29.7	3.26118087769
118.8	29.7	3.27829170227
119.1	29.7	3.3266274929
119.4	29.7	3.34771800041
119.7	29.7	3.32139515877
120	29.7	3.32031416893
120.3	29.7	3.3357834816
120.6	29.7	3.31573224068
120.9	29.7	3.29230332375
121.2	29.7	3.3125500679
121.5	29.7	3.34061574936
121.8	29.7	3.32672572136
122.1	29.7	3.29020857811
122.4	29.7	3.255204916
115.5	29.4	3.2340066433
115.8	29.4	3.2340426445
116.1	29.4	3.23401641846
116.4	29.4	3.23369193077
116.7	29.4	3.23315668106
117	29.4	3.23325920105
117.3	29.4	3.23546743393
117.6	29.4	3.24307250977
117.9	29.4	3.26285481453
118.2	29.4	3.30123114586
118.5	29.4	3.34432291985
118.8	29.4	3.36575365067
119.1	29.4	3.37206959724
119.4	29.4	3.36309623718
119.7	29.4	3.33406686783
120	29.4	3.32540297508
120.3	29.4	3.32872819901
120.6	29.4	3.31352472305
120.9	29.4	3.30141234398
121.2	29.4	3.32784795761
121.5	29.4	3.34868335724
121.8	29.4	3.32289361954
122.1	29.4	3.27803301811
122.4	29.4	3.24476122856
115.5	29.1	3.23399734497
115.8	29.1	3.23400831223
116.1	29.1	3.23404335976
116.4	29.1	3.2340054512
116.7	29.1	3.23373699188
117	29.1	3.23333072662
117.3	29.1	3.23346948624
117.6	29.1	3.23683261871
117.9	29.1	3.25179791451
118.2	29.1	3.29135298729
118.5	29.1	3.34536790848
118.8	29.1	3.37201166153
119.1	29.1	3.36174607277
119.4	29.1	3.34673309326
119.7	29.1	3.34238862991
120	29.1	3.33103775978
120.3	29.1	3.31667351723
120.6	29.1	3.31033492088
120.9	29.1	3.31261396408
121.2	29.1	3.34193634987
121.5	29.1	3.34853458405
121.8	29.1	3.30463075638
122.1	29.1	3.25889062881
122.4	29.1	3.23615074158
115.5	28.8	3.23399925232
115.8	28.8	3.23399758339
116.1	28.8	3.2340092659
116.4	28.8	3.23403429985
116.7	28.8	3.23399329185
117	28.8	3.233761549
117.3	28.8	3.23328208923
117.6	28.8	3.23347735405
117.9	28.8	3.23964309692
118.2	28.8	3.26297187805
118.5	28.8	3.3047721386
118.8	28.8	3.33406424522
119.1	28.8	3.32742881775
119.4	28.8	3.32955670357
119.7	28.8	3.34718704224
120	28.8	3.32573580742
120.3	28.8	3.30165553093
120.6	28.8	3.30826807022
120.9	28.8	3.32227492332
121.2	28.8	3.35116839409
121.5	28.8	3.34415149689
121.8	28.8	3.28618645668
122.1	28.8	3.2443959713
122.4	28.8	3.23212432861
115.5	28.5	3.23399996758
115.8	28.5	3.23399925232
116.1	28.5	3.23399877548
116.4	28.5	3.23400878906
116.7	28.5	3.23402261734
117	28.5	3.23397731781
117.3	28.5	3.23368024826
117.6	28.5	3.23300147057
117.9	28.5	3.2341799736
118.2	28.5	3.24539208412
118.5	28.5	3.27256369591
118.8	28.5	3.29590201378
119.1	28.5	3.29889726639
119.4	28.5	3.31741833687
119.7	28.5	3.33356428146
120	28.5	3.30390501022
120.3	28.5	3.28913927078
120.6	28.5	3.31659841537
120.9	28.5	3.34390282631
121.2	28.5	3.36417245865
121.5	28.5	3.33584117889
121.8	28.5	3.26971626282
122.1	28.5	3.23608636856
122.4	28.5	3.2313683033
115.5	28.2	3.23399996758
115.8	28.2	3.23399996758
116.1	28.2	3.23399925232
116.4	28.2	3.23400068283
116.7	28.2	3.23400878906
117	28.2	3.23401618004
117.3	28.2	3.23393440247
117.6	28.2	3.23342776299
117.9	28.2	3.23296380043
118.2	28.2	3.23739504814
118.5	28.2	3.25339746475
118.8	28.2	3.27229547501
119.1	28.2	3.28536462784
119.4	28.2	3.30424761772
119.7	28.2	3.30490875244
120	28.2	3.27790999413
120.3	28.2	3.28005480766
120.6	28.2	3.32625007629
120.9	28.2	3.37048840523
121.2	28.2	3.37956118584
121.5	28.2	3.32570624352
121.8	28.2	3.25679564476
122.1	28.2	3.23215484619
122.4	28.2	3.23183608055
115.5	27.9	3.23399996758
115.8	27.9	3.23399996758
116.1	27.9	3.23399972916
116.4	27.9	3.23399949074
116.7	27.9	3.23400259018
117	27.9	3.2340130806
117.3	27.9	3.23400402069
117.6	27.9	3.23374915123
117.9	27.9	3.23310351372
118.2	27.9	3.23472189903
118.5	27.9	3.24493503571
118.8	27.9	3.26284694672
119.1	27.9	3.28023552895
119.4	27.9	3.28964614868
119.7	27.9	3.27838897705
120	27.9	3.25934696198
120.3	27.9	3.26898908615
120.6	27.9	3.3171608448
120.9	27.9	3.37119269371
121.2	27.9	3.3746368885
121.5	27.9	3.30930900574
121.8	27.9	3.24759435654
122.1	27.9	3.23108577728
122.4	27.9	3.23254036903
115.5	27.6	3.23399996758
115.8	27.6	3.23399996758
116.1	27.6	3.23399996758
116.4	27.6	3.23399949074
116.7	27.6	3.23399996758
117	27.6	3.23400759697
117.3	27.6	3.23401904106
117.6	27.6	3.23390436172
117.9	27.6	3.23340320587
118.2	27.6	3.23379635811
118.5	27.6	3.23994112015
118.8	27.6	3.25433206558
119.1	27.6	3.26893234253
119.4	27.6	3.27055549622
119.7	27.6	3.2572259903
120	27.6	3.24560117722
120.3	27.6	3.25333166122
120.6	27.6	3.28855133057
120.9	27.6	3.33535408974
121.2	27.6	3.33721280098
121.5	27.6	3.28310775757
121.8	27.6	3.24013090134
122.1	27.6	3.23138785362
122.4	27.6	3.23319363594
115.5	27.3	3.23399996758
115.8	27.3	3.23399996758
116.1	27.3	3.23399996758
116.4	27.3	3.23399996758
116.7	27.3	3.23399925232
117	27.3	3.23400235176
117.3	27.3	3.2340195179
117.6	27.3	3.23399186134
117.9	27.3	3.23365736008
118.2	27.3	3.23329973221
118.5	27.3	3.23558592796
118.8	27.3	3.24283528328
119.1	27.3	3.25021767616
119.4	27.3	3.24916315079
119.7	27.3	3.24129056931
120	27.3	3.23593306541
120.3	27.3	3.23933267593
120.6	27.3	3.2573735714
120.9	27.3	3.28467082977
121.2	27.3	3.28535318375
121.5	27.3	3.25505685806
121.8	27.3	3.2343916893
122.1	27.3	3.23207116127
122.4	27.3	3.23368501663
