115.5	34.8	3.34023499489
115.8	34.8	3.34115839005
116.1	34.8	3.33979439735
116.4	34.8	3.31959915161
116.7	34.8	3.26384663582
117	34.8	3.21793627739
117.3	34.8	3.24414992332
117.6	34.8	3.28930020332
117.9	34.8	3.31193327904
118.2	34.8	3.32382917404
118.5	34.8	3.34695529938
118.8	34.8	3.38047409058
119.1	34.8	3.39433979988
119.4	34.8	3.36554956436
119.7	34.8	3.3355679512
120	34.8	3.33470034599
120.3	34.8	3.34154963493
120.6	34.8	3.34251475334
120.9	34.8	3.34068107605
121.2	34.8	3.33981275558
121.5	34.8	3.33989596367
121.8	34.8	3.34000873566
122.1	34.8	3.34000396729
122.4	34.8	3.33999967575
115.5	34.5	3.34029269218
115.8	34.5	3.34124732018
116.1	34.5	3.33849644661
116.4	34.5	3.31190657616
116.7	34.5	3.24400401115
117	34.5	3.18987345695
117.3	34.5	3.22053670883
117.6	34.5	3.27830839157
117.9	34.5	3.3086912632
118.2	34.5	3.31824707985
118.5	34.5	3.34057831764
118.8	34.5	3.38647508621
119.1	34.5	3.41442584991
119.4	34.5	3.37189102173
119.7	34.5	3.31561231613
120	34.5	3.31173539162
120.3	34.5	3.33151674271
120.6	34.5	3.34264779091
120.9	34.5	3.34262275696
121.2	34.5	3.34045910835
121.5	34.5	3.3397860527
121.8	34.5	3.33993077278
122.1	34.5	3.3400080204
122.4	34.5	3.34000205994
115.5	34.2	3.34023356438
115.8	34.2	3.34088563919
116.1	34.2	3.3380856514
116.4	34.2	3.31592297554
116.7	34.2	3.26412606239
117	34.2	3.22563910484
117.3	34.2	3.24745702744
117.6	34.2	3.2965555191
117.9	34.2	3.32986307144
118.2	34.2	3.33187294006
118.5	34.2	3.33433413506
118.8	34.2	3.37104344368
119.1	34.2	3.40070843697
119.4	34.2	3.34874391556
119.7	34.2	3.26832294464
120	34.2	3.25759100914
120.3	34.2	3.29801988602
120.6	34.2	3.33342480659
120.9	34.2	3.34384417534
121.2	34.2	3.34231519699
121.5	34.2	3.34020757675
121.8	34.2	3.33983755112
122.1	34.2	3.33996725082
122.4	34.2	3.34000110626
115.5	33.9	3.34007453918
115.8	33.9	3.34035778046
116.1	33.9	3.33868122101
116.4	33.9	3.32682967186
116.7	33.9	3.30151319504
117	33.9	3.2834584713
117.3	33.9	3.28978633881
117.6	33.9	3.31689715385
117.9	33.9	3.3451025486
118.2	33.9	3.34533882141
118.5	33.9	3.33352303505
118.8	33.9	3.34571838379
119.1	33.9	3.35194754601
119.4	33.9	3.29523420334
119.7	33.9	3.20892381668
120	33.9	3.19040989876
120.3	33.9	3.24576115608
120.6	33.9	3.30946063995
120.9	33.9	3.33910298347
121.2	33.9	3.34409880638
121.5	33.9	3.34158730507
121.8	33.9	3.3400683403
122.1	33.9	3.33994817734
122.4	33.9	3.33998775482
115.5	33.6	3.33998322487
115.8	33.6	3.34024071693
116.1	33.6	3.34059524536
116.4	33.6	3.33906936646
116.7	33.6	3.33511519432
117	33.6	3.33097171783
117.3	33.6	3.3279747963
117.6	33.6	3.33169341087
117.9	33.6	3.33521294594
118.2	33.6	3.33252358437
118.5	33.6	3.33209943771
118.8	33.6	3.32105875015
119.1	33.6	3.2836933136
119.4	33.6	3.22775363922
119.7	33.6	3.16995739937
120	33.6	3.15997815132
120.3	33.6	3.2072622776
120.6	33.6	3.27337694168
120.9	33.6	3.31983423233
121.2	33.6	3.34054589272
121.5	33.6	3.34257745743
121.8	33.6	3.34062767029
122.1	33.6	3.34009170532
122.4	33.6	3.34002923965
115.5	33.3	3.33998632431
115.8	33.3	3.34029912949
116.1	33.3	3.34181666374
116.4	33.3	3.3462471962
116.7	33.3	3.35503315926
117	33.3	3.36542463303
117.3	33.3	3.36905455589
117.6	33.3	3.36082172394
117.9	33.3	3.33721995354
118.2	33.3	3.32643246651
118.5	33.3	3.34064006805
118.8	33.3	3.30638813972
119.1	33.3	3.22107815742
119.4	33.3	3.16443252563
119.7	33.3	3.15589380264
120	33.3	3.17843365669
120.3	33.3	3.20200419426
120.6	33.3	3.22834038734
120.9	33.3	3.27761077881
121.2	33.3	3.32522797585
121.5	33.3	3.340020895
121.8	33.3	3.34009075165
122.1	33.3	3.34007287025
122.4	33.3	3.34015798569
115.5	33	3.33995342255
115.8	33	3.33976888657
116.1	33	3.33991527557
116.4	33	3.34291124344
116.7	33	3.35387253761
117	33	3.37419271469
117.3	33	3.39211893082
117.6	33	3.38912987709
117.9	33	3.36667323112
118.2	33	3.3612446785
118.5	33	3.37141275406
118.8	33	3.31958770752
119.1	33	3.21223735809
119.4	33	3.14886188507
119.7	33	3.15860748291
120	33	3.2010550499
120.3	33	3.20683240891
120.6	33	3.17578268051
120.9	33	3.21863126755
121.2	33	3.3065803051
121.5	33	3.33592867851
121.8	33	3.33679223061
122.1	33	3.33884072304
122.4	33	3.34002041817
115.5	32.7	3.33993434906
115.8	32.7	3.33936810493
116.1	32.7	3.33859729767
116.4	32.7	3.33993124962
116.7	32.7	3.34547638893
117	32.7	3.35461401939
117.3	32.7	3.36788201332
117.6	32.7	3.37246751785
117.9	32.7	3.36802172661
118.2	32.7	3.3698990345
118.5	32.7	3.36533927917
118.8	32.7	3.32693171501
119.1	32.7	3.2577393055
119.4	32.7	3.21596646309
119.7	32.7	3.20884728432
120	32.7	3.22169923782
120.3	32.7	3.20404911041
120.6	32.7	3.12462067604
120.9	32.7	3.18098950386
121.2	32.7	3.32367372513
121.5	32.7	3.34725522995
121.8	32.7	3.33405852318
122.1	32.7	3.33621382713
122.4	32.7	3.3391828537
115.5	32.4	3.33986210823
115.8	32.4	3.33937096596
116.1	32.4	3.34079647064
116.4	32.4	3.34753108025
116.7	32.4	3.34933757782
117	32.4	3.32879900932
117.3	32.4	3.31579899788
117.6	32.4	3.33607172966
117.9	32.4	3.36150979996
118.2	32.4	3.3648583889
118.5	32.4	3.3387055397
118.8	32.4	3.31841135025
119.1	32.4	3.29667973518
119.4	32.4	3.28785681725
119.7	32.4	3.26779913902
120	32.4	3.23511862755
120.3	32.4	3.19061946869
120.6	32.4	3.09985566139
120.9	32.4	3.2085545063
121.2	32.4	3.40100884438
121.5	32.4	3.38606572151
121.8	32.4	3.33942914009
122.1	32.4	3.3360273838
122.4	32.4	3.338326931
115.5	32.1	3.33943867683
115.8	32.1	3.33857941628
116.1	32.1	3.34368872643
116.4	32.1	3.36257100105
116.7	32.1	3.36764073372
117	32.1	3.31069874763
117.3	32.1	3.25678777695
117.6	32.1	3.28977870941
117.9	32.1	3.34671068192
118.2	32.1	3.3600924015
118.5	32.1	3.333319664
118.8	32.1	3.31948828697
119.1	32.1	3.31249833107
119.4	32.1	3.31003832817
119.7	32.1	3.2944483757
120	32.1	3.26607179642
120.3	32.1	3.24578523636
120.6	32.1	3.19432282448
120.9	32.1	3.29344630241
121.2	32.1	3.43820095062
121.5	32.1	3.39981722832
121.8	32.1	3.35142564774
122.1	32.1	3.34307003021
122.4	32.1	3.33982944489
115.5	31.8	3.33872437477
115.8	31.8	3.33585786819
116.1	31.8	3.33990049362
116.4	31.8	3.36663198471
116.7	31.8	3.38557982445
117	31.8	3.3264465332
117.3	31.8	3.25101327896
117.6	31.8	3.26974868774
117.9	31.8	3.32239675522
118.2	31.8	3.33997368813
118.5	31.8	3.33418655396
118.8	31.8	3.33345723152
119.1	31.8	3.33169674873
119.4	31.8	3.31614518166
119.7	31.8	3.29115796089
120	31.8	3.29233384132
120.3	31.8	3.31952619553
120.6	31.8	3.31026530266
120.9	31.8	3.3399116993
121.2	31.8	3.39150071144
121.5	31.8	3.38367533684
121.8	31.8	3.37542271614
122.1	31.8	3.36070156097
122.4	31.8	3.34440493584
115.5	31.5	3.338793993
115.8	31.5	3.33401179314
116.1	31.5	3.32980155945
116.4	31.5	3.3437461853
116.7	31.5	3.36874675751
117	31.5	3.35082292557
117.3	31.5	3.30866861343
117.6	31.5	3.30905079842
117.9	31.5	3.32409238815
118.2	31.5	3.32151865959
118.5	31.5	3.32204198837
118.8	31.5	3.32773137093
119.1	31.5	3.3360273838
119.4	31.5	3.32266068459
119.7	31.5	3.28991341591
120	31.5	3.30227255821
120.3	31.5	3.34722208977
120.6	31.5	3.35115504265
120.9	31.5	3.335927248
121.2	31.5	3.34144687653
121.5	31.5	3.369992733
121.8	31.5	3.392318964
122.1	31.5	3.37153100967
122.4	31.5	3.34508991241
115.5	31.2	3.33972048759
115.8	31.2	3.33580112457
116.1	31.2	3.32665944099
116.4	31.2	3.3239979744
116.7	31.2	3.34299898148
117	31.2	3.36363005638
117.3	31.2	3.36662244797
117.6	31.2	3.3616476059
117.9	31.2	3.34742569923
118.2	31.2	3.32297873497
118.5	31.2	3.31198549271
118.8	31.2	3.30965423584
119.1	31.2	3.32898497581
119.4	31.2	3.3386080265
119.7	31.2	3.31564331055
120	31.2	3.31642079353
120.3	31.2	3.34599137306
120.6	31.2	3.35012125969
120.9	31.2	3.3401517868
121.2	31.2	3.35071706772
121.5	31.2	3.38307332993
121.8	31.2	3.40143656731
122.1	31.2	3.37179875374
122.4	31.2	3.33873820305
115.5	30.9	3.34031224251
115.8	30.9	3.33897829056
116.1	30.9	3.33373022079
116.4	30.9	3.33090138435
116.7	30.9	3.34714436531
117	30.9	3.37774515152
117.3	30.9	3.3916311264
117.6	30.9	3.38574361801
117.9	30.9	3.37391519547
118.2	30.9	3.35528850555
118.5	30.9	3.33664178848
118.8	30.9	3.32277202606
119.1	30.9	3.34770607948
119.4	30.9	3.3702018261
119.7	30.9	3.35367178917
120	30.9	3.34156012535
120.3	30.9	3.34772610664
120.6	30.9	3.35251235962
120.9	30.9	3.36260819435
121.2	30.9	3.38232803345
121.5	30.9	3.40344429016
121.8	30.9	3.41205072403
122.1	30.9	3.37718391418
122.4	30.9	3.33716726303
115.5	30.6	3.34018874168
115.8	30.6	3.34018540382
116.1	30.6	3.33916330338
116.4	30.6	3.3406867981
116.7	30.6	3.35589385033
117	30.6	3.38157057762
117.3	30.6	3.39207816124
117.6	30.6	3.39358711243
117.9	30.6	3.40632557869
118.2	30.6	3.4095723629
118.5	30.6	3.38111495972
118.8	30.6	3.35283207893
119.1	30.6	3.37697815895
119.4	30.6	3.3906481266
119.7	30.6	3.37189769745
120	30.6	3.36648273468
120.3	30.6	3.36136889458
120.6	30.6	3.35872459412
120.9	30.6	3.37628006935
121.2	30.6	3.39160346985
121.5	30.6	3.39723587036
121.8	30.6	3.40385389328
122.1	30.6	3.38412261009
122.4	30.6	3.34960532188
115.5	30.3	3.33998322487
115.8	30.3	3.34000110626
116.1	30.3	3.33986401558
116.4	30.3	3.34125375748
116.7	30.3	3.34905481339
117	30.3	3.36126995087
117.3	30.3	3.36740779877
117.6	30.3	3.38104200363
117.9	30.3	3.41333580017
118.2	30.3	3.42031478882
118.5	30.3	3.3664047718
118.8	30.3	3.3315038681
119.1	30.3	3.36988115311
119.4	30.3	3.38582587242
119.7	30.3	3.3723256588
120	30.3	3.38764953613
120.3	30.3	3.39057588577
120.6	30.3	3.37445497513
120.9	30.3	3.38353729248
121.2	30.3	3.39757585526
121.5	30.3	3.38702583313
121.8	30.3	3.38204216957
122.1	30.3	3.38206171989
122.4	30.3	3.36411833763
115.5	30	3.33998370171
115.8	30	3.33990502357
116.1	30	3.33964037895
116.4	30	3.33965373039
116.7	30	3.34182024002
117	30	3.34549188614
117.3	30	3.34828042984
117.6	30	3.35981011391
117.9	30	3.38344073296
118.2	30	3.37335205078
118.5	30	3.30569338799
118.8	30	3.28860998154
119.1	30	3.35383486748
119.4	30	3.38852834702
119.7	30	3.38263869286
120	30	3.40296125412
120.3	30	3.41965651512
120.6	30	3.40171933174
120.9	30	3.39822125435
121.2	30	3.41333532333
121.5	30	3.40656638145
121.8	30	3.39235687256
122.1	30	3.3864235878
122.4	30	3.36760473251
115.5	29.7	3.34001803398
115.8	29.7	3.33999443054
116.1	29.7	3.33980083466
116.4	29.7	3.33941316605
116.7	29.7	3.33939266205
117	29.7	3.3399181366
117.3	29.7	3.34067606926
117.6	29.7	3.3460996151
117.9	29.7	3.36018395424
118.2	29.7	3.36487722397
118.5	29.7	3.3521399498
118.8	29.7	3.36864471436
119.1	29.7	3.41598844528
119.4	29.7	3.4351272583
119.7	29.7	3.41331243515
120	29.7	3.40864992142
120.3	29.7	3.42222523689
120.6	29.7	3.41259622574
120.9	29.7	3.404692173
121.2	29.7	3.4198153019
121.5	29.7	3.42958474159
121.8	29.7	3.41807413101
122.1	29.7	3.39396977425
122.4	29.7	3.36336565018
115.5	29.4	3.34000682831
115.8	29.4	3.34002995491
116.1	29.4	3.33999633789
116.4	29.4	3.33978104591
116.7	29.4	3.33947181702
117	29.4	3.33924269676
117.3	29.4	3.33926343918
117.6	29.4	3.34260869026
117.9	29.4	3.35814166069
118.2	29.4	3.3941757679
118.5	29.4	3.43551230431
118.8	29.4	3.45710659027
119.1	29.4	3.4656162262
119.4	29.4	3.46419906616
119.7	29.4	3.43598079681
120	29.4	3.41755914688
120.3	29.4	3.4227437973
120.6	29.4	3.41691303253
120.9	29.4	3.40872478485
121.2	29.4	3.42633485794
121.5	29.4	3.44270062447
121.8	29.4	3.42240166664
122.1	29.4	3.38453531265
122.4	29.4	3.3529214859
115.5	29.1	3.3399977684
115.8	29.1	3.34000921249
116.1	29.1	3.34003376961
116.4	29.1	3.34000086784
116.7	29.1	3.33985805511
117	29.1	3.33960199356
117.3	29.1	3.3392355442
117.6	29.1	3.34056353569
117.9	29.1	3.35240101814
118.2	29.1	3.38853025436
118.5	29.1	3.43843126297
118.8	29.1	3.4615752697
119.1	29.1	3.45616292953
119.4	29.1	3.45189428329
119.7	29.1	3.4393928051
120	29.1	3.42075443268
120.3	29.1	3.41473174095
120.6	29.1	3.41247034073
120.9	29.1	3.41323709488
121.2	29.1	3.44042944908
121.5	29.1	3.45346522331
121.8	29.1	3.412078619
122.1	29.1	3.36657166481
122.4	29.1	3.34316277504
115.5	28.8	3.33999919891
115.8	28.8	3.33999752998
116.1	28.8	3.34000921249
116.4	28.8	3.34002661705
116.7	28.8	3.34000921249
117	28.8	3.33989238739
117.3	28.8	3.33942651749
117.6	28.8	3.3389737606
117.9	28.8	3.34346556664
118.2	28.8	3.36398243904
118.5	28.8	3.40078043938
118.8	28.8	3.42449617386
119.1	28.8	3.42117500305
119.4	28.8	3.42670083046
119.7	28.8	3.43093562126
120	28.8	3.40911412239
120.3	28.8	3.39595460892
120.6	28.8	3.40585398674
120.9	28.8	3.41998720169
121.2	28.8	3.45264220238
121.5	28.8	3.45456385612
121.8	28.8	3.39635205269
122.1	28.8	3.35183358192
122.4	28.8	3.33819413185
115.5	28.5	3.33999991417
115.8	28.5	3.33999919891
116.1	28.5	3.33999872208
116.4	28.5	3.34000635147
116.7	28.5	3.34002017975
117	28.5	3.34001374245
117.3	28.5	3.33976411819
117.6	28.5	3.33893942833
117.9	28.5	3.33941340446
118.2	28.5	3.34910178185
118.5	28.5	3.3728158474
118.8	28.5	3.39151644707
119.1	28.5	3.39111351967
119.4	28.5	3.40143918991
119.7	28.5	3.40865087509
120	28.5	3.38733315468
120.3	28.5	3.38314557076
120.6	28.5	3.41521477699
120.9	28.5	3.44360756874
121.2	28.5	3.46710467339
121.5	28.5	3.44567418098
121.8	28.5	3.37913370132
122.1	28.5	3.34281492233
122.4	28.5	3.33699464798
115.5	28.2	3.33999991417
115.8	28.2	3.33999991417
116.1	28.2	3.33999919891
116.4	28.2	3.34000039101
116.7	28.2	3.3400042057
117	28.2	3.34002423286
117.3	28.2	3.33997750282
117.6	28.2	3.3394343853
117.9	28.2	3.33884882927
118.2	28.2	3.34275102615
118.5	28.2	3.35683512688
118.8	28.2	3.37059020996
119.1	28.2	3.37224984169
119.4	28.2	3.37808918953
119.7	28.2	3.38095569611
120	28.2	3.36856412888
120.3	28.2	3.38021540642
120.6	28.2	3.42992997169
120.9	28.2	3.4717476368
121.2	28.2	3.4806740284
121.5	28.2	3.4328391552
121.8	28.2	3.36494326591
122.1	28.2	3.33841013908
122.4	28.2	3.33741831779
115.5	27.9	3.33999991417
115.8	27.9	3.33999991417
116.1	27.9	3.33999967575
116.4	27.9	3.33999943733
116.7	27.9	3.34000229836
117	27.9	3.34001016617
117.3	27.9	3.34001708031
117.6	27.9	3.33978533745
117.9	27.9	3.33917617798
118.2	27.9	3.34066581726
118.5	27.9	3.3488881588
118.8	27.9	3.35961556435
119.1	27.9	3.36280632019
119.4	27.9	3.3638150692
119.7	27.9	3.3628051281
120	27.9	3.35764503479
120.3	27.9	3.37399673462
120.6	27.9	3.42284965515
120.9	27.9	3.47043347359
121.2	27.9	3.47235822678
121.5	27.9	3.41396713257
121.8	27.9	3.35474658012
122.1	27.9	3.33714342117
122.4	27.9	3.33823943138
115.5	27.6	3.33999991417
115.8	27.6	3.33999991417
116.1	27.6	3.33999991417
116.4	27.6	3.33999943733
116.7	27.6	3.34000015259
117	27.6	3.34000682831
117.3	27.6	3.34001684189
117.6	27.6	3.33992099762
117.9	27.6	3.33951163292
118.2	27.6	3.33991503716
118.5	27.6	3.34434938431
118.8	27.6	3.35221648216
119.1	27.6	3.35648965836
119.4	27.6	3.3559858799
119.7	27.6	3.352404356
120	27.6	3.34889674187
120.3	27.6	3.35941290855
120.6	27.6	3.39337396622
120.9	27.6	3.43365883827
121.2	27.6	3.43469214439
121.5	27.6	3.38708305359
121.8	27.6	3.34662461281
122.1	27.6	3.3373374939
122.4	27.6	3.33899712563
115.5	27.3	3.33999991417
115.8	27.3	3.33999991417
116.1	27.3	3.33999991417
116.4	27.3	3.33999967575
116.7	27.3	3.33999896049
117	27.3	3.34000349045
117.3	27.3	3.34001636505
117.6	27.3	3.33998584747
117.9	27.3	3.33972454071
118.2	27.3	3.33953332901
118.5	27.3	3.3412604332
118.8	27.3	3.34532260895
119.1	27.3	3.34826779366
119.4	27.3	3.34751152992
119.7	27.3	3.34444856644
120	27.3	3.34156155586
120.3	27.3	3.34542179108
120.6	27.3	3.36238527298
120.9	27.3	3.38617563248
121.2	27.3	3.38675284386
121.5	27.3	3.36020708084
121.8	27.3	3.34070491791
122.1	27.3	3.3379175663
122.4	27.3	3.33958983421
