115.5	34.8	3.73487448692
115.8	34.8	3.7355632782
116.1	34.8	3.73514509201
116.4	34.8	3.7266702652
116.7	34.8	3.70528244972
117	34.8	3.69042682648
117.3	34.8	3.69784379005
117.6	34.8	3.70745563507
117.9	34.8	3.70535469055
118.2	34.8	3.69456624985
118.5	34.8	3.69774055481
118.8	34.8	3.72528004646
119.1	34.8	3.75543856621
119.4	34.8	3.75446677208
119.7	34.8	3.73896193504
120	34.8	3.73367142677
120.3	34.8	3.73460769653
120.6	34.8	3.73541331291
120.9	34.8	3.73516631126
121.2	34.8	3.73499846458
121.5	34.8	3.73498940468
121.8	34.8	3.73499798775
122.1	34.8	3.73499941826
122.4	34.8	3.73500013351
115.5	34.5	3.73513293266
115.8	34.5	3.73579621315
116.1	34.5	3.73423981667
116.4	34.5	3.72013664246
116.7	34.5	3.68897986412
117	34.5	3.66969943047
117.3	34.5	3.68043589592
117.6	34.5	3.69562625885
117.9	34.5	3.69437599182
118.2	34.5	3.66993761063
118.5	34.5	3.66317439079
118.8	34.5	3.70624637604
119.1	34.5	3.76012611389
119.4	34.5	3.76027488708
119.7	34.5	3.73512339592
120	34.5	3.72635984421
120.3	34.5	3.73072600365
120.6	34.5	3.73484325409
120.9	34.5	3.73527812958
121.2	34.5	3.73503708839
121.5	34.5	3.73502421379
121.8	34.5	3.73499941826
122.1	34.5	3.73499417305
122.4	34.5	3.73499965668
115.5	34.2	3.73523902893
115.8	34.2	3.73565840721
116.1	34.2	3.73270273209
116.4	34.2	3.71452522278
116.7	34.2	3.67849516869
117	34.2	3.65813016891
117.3	34.2	3.6698217392
117.6	34.2	3.69062328339
117.9	34.2	3.70151662827
118.2	34.2	3.67742347717
118.5	34.2	3.65750861168
118.8	34.2	3.69190311432
119.1	34.2	3.74200820923
119.4	34.2	3.73906564713
119.7	34.2	3.71332597733
120	34.2	3.70679330826
120.3	34.2	3.72057318687
120.6	34.2	3.73300504684
120.9	34.2	3.73520541191
121.2	34.2	3.73496508598
121.5	34.2	3.73505496979
121.8	34.2	3.73507499695
122.1	34.2	3.73500561714
122.4	34.2	3.73499345779
115.5	33.9	3.73514771461
115.8	33.9	3.73528766632
116.1	33.9	3.73207330704
116.4	33.9	3.7147231102
116.7	33.9	3.68063640594
117	33.9	3.65946960449
117.3	33.9	3.6660323143
117.6	33.9	3.68253564835
117.9	33.9	3.69831991196
118.2	33.9	3.69042205811
118.5	33.9	3.68252468109
118.8	33.9	3.70208191872
119.1	33.9	3.71754145622
119.4	33.9	3.70096039772
119.7	33.9	3.68293213844
120	33.9	3.68713712692
120.3	33.9	3.71433734894
120.6	33.9	3.73523688316
120.9	33.9	3.73644685745
121.2	33.9	3.73458528519
121.5	33.9	3.73481178284
121.8	33.9	3.73513197899
122.1	33.9	3.73508620262
122.4	33.9	3.73501229286
115.5	33.6	3.73497867584
115.8	33.6	3.73537230492
116.1	33.6	3.73501157761
116.4	33.6	3.72692298889
116.7	33.6	3.7059533596
117	33.6	3.68892621994
117.3	33.6	3.68794298172
117.6	33.6	3.68572974205
117.9	33.6	3.67569375038
118.2	33.6	3.6670498848
118.5	33.6	3.68824028969
118.8	33.6	3.71566295624
119.1	33.6	3.70253705978
119.4	33.6	3.66737866402
119.7	33.6	3.66463541985
120	33.6	3.69457006454
120.3	33.6	3.7345392704
120.6	33.6	3.75281047821
120.9	33.6	3.74207377434
121.2	33.6	3.73342394829
121.5	33.6	3.7335960865
121.8	33.6	3.73475241661
122.1	33.6	3.73506879807
122.4	33.6	3.73507547379
115.5	33.3	3.73490834236
115.8	33.3	3.73601722717
116.1	33.3	3.74017763138
116.4	33.3	3.74470829964
116.7	33.3	3.74178218842
117	33.3	3.73685479164
117.3	33.3	3.73620700836
117.6	33.3	3.7210919857
117.9	33.3	3.68388986588
118.2	33.3	3.65500926971
118.5	33.3	3.67199730873
118.8	33.3	3.69510316849
119.1	33.3	3.67080140114
119.4	33.3	3.6286509037
119.7	33.3	3.6557328701
120	33.3	3.73085832596
120.3	33.3	3.78447151184
120.6	33.3	3.78748846054
120.9	33.3	3.75084424019
121.2	33.3	3.72889065742
121.5	33.3	3.73010182381
121.8	33.3	3.73363947868
122.1	33.3	3.7345430851
122.4	33.3	3.73498129845
115.5	33	3.73502659798
115.8	33	3.73654270172
116.1	33	3.74275326729
116.4	33	3.75355672836
116.7	33	3.76014685631
117	33	3.76182317734
117.3	33	3.76624393463
117.6	33	3.75981712341
117.9	33	3.73414111137
118.2	33	3.70963954926
118.5	33	3.69417238235
118.8	33	3.67067694664
119.1	33	3.62845873833
119.4	33	3.59407758713
119.7	33	3.65490889549
120	33	3.7667388916
120.3	33	3.82717323303
120.6	33	3.80885529518
120.9	33	3.74693417549
121.2	33	3.71652364731
121.5	33	3.72487807274
121.8	33	3.73310732841
122.1	33	3.73380160332
122.4	33	3.73436999321
115.5	32.7	3.73536133766
115.8	32.7	3.73655676842
116.1	32.7	3.74202919006
116.4	32.7	3.75301265717
116.7	32.7	3.75969910622
117	32.7	3.75776076317
117.3	32.7	3.7607011795
117.6	32.7	3.76323676109
117.9	32.7	3.75332117081
118.2	32.7	3.74357151985
118.5	32.7	3.72129821777
118.8	32.7	3.68358540535
119.1	32.7	3.63861727715
119.4	32.7	3.61739563942
119.7	32.7	3.69544172287
120	32.7	3.80207109451
120.3	32.7	3.82443571091
120.6	32.7	3.76905345917
120.9	32.7	3.71076869965
121.2	32.7	3.70701575279
121.5	32.7	3.73052287102
121.8	32.7	3.73920607567
122.1	32.7	3.73495101929
122.4	32.7	3.73345398903
115.5	32.4	3.73501420021
115.8	32.4	3.73371887207
116.1	32.4	3.73600316048
116.4	32.4	3.74524331093
116.7	32.4	3.74625945091
117	32.4	3.72779154778
117.3	32.4	3.71876740456
117.6	32.4	3.73336577415
117.9	32.4	3.73391032219
118.2	32.4	3.71780753136
118.5	32.4	3.70029759407
118.8	32.4	3.69995117188
119.1	32.4	3.69196462631
119.4	32.4	3.68736362457
119.7	32.4	3.75742077827
120	32.4	3.83300733566
120.3	32.4	3.7984893322
120.6	32.4	3.70164394379
120.9	32.4	3.68193292618
121.2	32.4	3.74110507965
121.5	32.4	3.77225136757
121.8	32.4	3.76076507568
122.1	32.4	3.74118494987
122.4	32.4	3.73348879814
115.5	32.1	3.73230528831
115.8	32.1	3.72417593002
116.1	32.1	3.72007155418
116.4	32.1	3.73196673393
116.7	32.1	3.73485851288
117	32.1	3.69898748398
117.3	32.1	3.66500496864
117.6	32.1	3.68355607986
117.9	32.1	3.70044183731
118.2	32.1	3.68395614624
118.5	32.1	3.6670525074
118.8	32.1	3.68229794502
119.1	32.1	3.7047355175
119.4	32.1	3.72177624702
119.7	32.1	3.76601839066
120	32.1	3.8042216301
120.3	32.1	3.7590637207
120.6	32.1	3.68500161171
120.9	32.1	3.70758390427
121.2	32.1	3.78962755203
121.5	32.1	3.81332373619
121.8	32.1	3.78639745712
122.1	32.1	3.75201463699
122.4	32.1	3.73560500145
115.5	31.8	3.72847819328
115.8	31.8	3.71181488037
116.1	31.8	3.6999797821
116.4	31.8	3.71676325798
116.7	31.8	3.7372508049
117	31.8	3.71041703224
117.3	31.8	3.66239356995
117.6	31.8	3.66757488251
117.9	31.8	3.69175696373
118.2	31.8	3.6930103302
118.5	31.8	3.6899087429
118.8	31.8	3.69589090347
119.1	31.8	3.71305751801
119.4	31.8	3.72972273827
119.7	31.8	3.73428916931
120	31.8	3.72886323929
120.3	31.8	3.69880962372
120.6	31.8	3.68368577957
120.9	31.8	3.71356987953
121.2	31.8	3.75713205338
121.5	31.8	3.79287242889
121.8	31.8	3.79794025421
122.1	31.8	3.76386427879
122.4	31.8	3.73906993866
115.5	31.5	3.72853779793
115.8	31.5	3.70973300934
116.1	31.5	3.69037866592
116.4	31.5	3.69988107681
116.7	31.5	3.73477101326
117	31.5	3.74674153328
117.3	31.5	3.72329068184
117.6	31.5	3.71566343307
117.9	31.5	3.72152853012
118.2	31.5	3.72187685966
118.5	31.5	3.72457909584
118.8	31.5	3.72033429146
119.1	31.5	3.73587727547
119.4	31.5	3.75382089615
119.7	31.5	3.72891616821
120	31.5	3.69030594826
120.3	31.5	3.67875814438
120.6	31.5	3.69957733154
120.9	31.5	3.69878959656
121.2	31.5	3.69134283066
121.5	31.5	3.74499130249
121.8	31.5	3.78766465187
122.1	31.5	3.76140117645
122.4	31.5	3.73507475853
115.5	31.2	3.73244333267
115.8	31.2	3.71980643272
116.1	31.2	3.69933128357
116.4	31.2	3.69301009178
116.7	31.2	3.72037577629
117	31.2	3.75713062286
117.3	31.2	3.76306986809
117.6	31.2	3.75214886665
117.9	31.2	3.74166083336
118.2	31.2	3.73976254463
118.5	31.2	3.74563646317
118.8	31.2	3.73474788666
119.1	31.2	3.75497460365
119.4	31.2	3.78201746941
119.7	31.2	3.74681329727
120	31.2	3.70083332062
120.3	31.2	3.72335314751
120.6	31.2	3.75836133957
120.9	31.2	3.72918748856
121.2	31.2	3.70231032372
121.5	31.2	3.7474193573
121.8	31.2	3.77892589569
122.1	31.2	3.74427700043
122.4	31.2	3.71948671341
115.5	30.9	3.73540568352
115.8	30.9	3.73070502281
116.1	30.9	3.71793150902
116.4	30.9	3.7056517601
116.7	30.9	3.7151992321
117	30.9	3.7421066761
117.3	30.9	3.75014233589
117.6	30.9	3.74451375008
117.9	30.9	3.74703669548
118.2	30.9	3.76734542847
118.5	30.9	3.78615164757
118.8	30.9	3.76767420769
119.1	30.9	3.77068400383
119.4	30.9	3.78637623787
119.7	30.9	3.73860478401
120	30.9	3.69061493874
120.3	30.9	3.74067592621
120.6	30.9	3.78329920769
120.9	30.9	3.75803685188
121.2	30.9	3.75269007683
121.5	30.9	3.78452658653
121.8	30.9	3.78629112244
122.1	30.9	3.73774433136
122.4	30.9	3.70970964432
115.5	30.6	3.73583459854
115.8	30.6	3.73547720909
116.1	30.6	3.73119997978
116.4	30.6	3.7241897583
116.7	30.6	3.72463154793
117	30.6	3.73430037498
117.3	30.6	3.7362651825
117.6	30.6	3.74265646935
117.9	30.6	3.76614022255
118.2	30.6	3.79543042183
118.5	30.6	3.79950046539
118.8	30.6	3.76031470299
119.1	30.6	3.74653029442
119.4	30.6	3.7599401474
119.7	30.6	3.71699500084
120	30.6	3.67367172241
120.3	30.6	3.71933889389
120.6	30.6	3.74808430672
120.9	30.6	3.74612212181
121.2	30.6	3.78249239922
121.5	30.6	3.79490494728
121.8	30.6	3.77322292328
122.1	30.6	3.74207997322
122.4	30.6	3.72088050842
115.5	30.3	3.73531842232
115.8	30.3	3.73580741882
116.1	30.3	3.7354195118
116.4	30.3	3.73340845108
116.7	30.3	3.73205423355
117	30.3	3.73053884506
117.3	30.3	3.725730896
117.6	30.3	3.73249411583
117.9	30.3	3.75390338898
118.2	30.3	3.7593998909
118.5	30.3	3.71565341949
118.8	30.3	3.65486168861
119.1	30.3	3.66580319405
119.4	30.3	3.7241127491
119.7	30.3	3.7254986763
120	30.3	3.71864557266
120.3	30.3	3.76067757607
120.6	30.3	3.75486087799
120.9	30.3	3.76692914963
121.2	30.3	3.82726216316
121.5	30.3	3.78209924698
121.8	30.3	3.72445344925
122.1	30.3	3.73618578911
122.4	30.3	3.74111485481
115.5	30	3.73500061035
115.8	30	3.7352411747
116.1	30	3.73552012444
116.4	30	3.73543667793
116.7	30	3.73477363586
117	30	3.73131370544
117.3	30	3.72261142731
117.6	30	3.71700763702
117.9	30	3.71649169922
118.2	30	3.69222140312
118.5	30	3.62639021873
118.8	30	3.59289073944
119.1	30	3.65881323814
119.4	30	3.7403845787
119.7	30	3.74397420883
120	30	3.76273441315
120.3	30	3.81223654747
120.6	30	3.77410554886
120.9	30	3.76962828636
121.2	30	3.82217311859
121.5	30	3.75529766083
121.8	30	3.70364189148
122.1	30	3.74425768852
122.4	30	3.75752401352
115.5	29.7	3.7349653244
115.8	29.7	3.7349922657
116.1	29.7	3.73511719704
116.4	29.7	3.73529839516
116.7	29.7	3.73541116714
117	29.7	3.73415803909
117.3	29.7	3.72902274132
117.6	29.7	3.72060155869
117.9	29.7	3.71196484566
118.2	29.7	3.69956827164
118.5	29.7	3.68636417389
118.8	29.7	3.70820307732
119.1	29.7	3.76972579956
119.4	29.7	3.79103064537
119.7	29.7	3.77279019356
120	29.7	3.82146215439
120.3	29.7	3.86206078529
120.6	29.7	3.77929782867
120.9	29.7	3.73939585686
121.2	29.7	3.77208709717
121.5	29.7	3.7358853817
121.8	29.7	3.72369885445
122.1	29.7	3.75991034508
122.4	29.7	3.76014900208
115.5	29.4	3.73499417305
115.8	29.4	3.73497653008
116.1	29.4	3.73498058319
116.4	29.4	3.73504400253
116.7	29.4	3.73528194427
117	29.4	3.73550105095
117.3	29.4	3.73462080956
117.6	29.4	3.73235177994
117.9	29.4	3.73443245888
118.2	29.4	3.75628590584
118.5	29.4	3.79882669449
118.8	29.4	3.8369615078
119.1	29.4	3.8377301693
119.4	29.4	3.80506372452
119.7	29.4	3.8190279007
120	29.4	3.88871359825
120.3	29.4	3.88430309296
120.6	29.4	3.78071427345
120.9	29.4	3.73684215546
121.2	29.4	3.7565612793
121.5	29.4	3.75609827042
121.8	29.4	3.75976371765
122.1	29.4	3.76545166969
122.4	29.4	3.75136089325
115.5	29.1	3.73500204086
115.8	29.1	3.73499798775
116.1	29.1	3.7349832058
116.4	29.1	3.7349691391
116.7	29.1	3.73503851891
117	29.1	3.73533153534
117.3	29.1	3.73574495316
117.6	29.1	3.73670506477
117.9	29.1	3.74430036545
118.2	29.1	3.77417087555
118.5	29.1	3.82548379898
118.8	29.1	3.84927654266
119.1	29.1	3.81424045563
119.4	29.1	3.80894756317
119.7	29.1	3.87461209297
120	29.1	3.8959209919
120.3	29.1	3.83332371712
120.6	29.1	3.76393198967
120.9	29.1	3.75099921227
121.2	29.1	3.77247309685
121.5	29.1	3.80135965347
121.8	29.1	3.79387879372
122.1	29.1	3.76417708397
122.4	29.1	3.74204707146
115.5	28.8	3.73500013351
115.8	28.8	3.73500204086
116.1	28.8	3.73500037193
116.4	28.8	3.73498225212
116.7	28.8	3.73495697975
117	28.8	3.73499464989
117.3	28.8	3.73512125015
117.6	28.8	3.73567676544
117.9	28.8	3.74042272568
118.2	28.8	3.75961375237
118.5	28.8	3.79325914383
118.8	28.8	3.80238556862
119.1	28.8	3.78391456604
119.4	28.8	3.8359143734
119.7	28.8	3.89244818687
120	28.8	3.82942080498
120.3	28.8	3.75067925453
120.6	28.8	3.74759221077
120.9	28.8	3.76024889946
121.2	28.8	3.77909445763
121.5	28.8	3.82220625877
121.8	28.8	3.80189728737
122.1	28.8	3.75686812401
122.4	28.8	3.73631978035
115.5	28.5	3.7349998951
115.8	28.5	3.7349998951
116.1	28.5	3.7350025177
116.4	28.5	3.73500180244
116.7	28.5	3.73498034477
117	28.5	3.73494076729
117.3	28.5	3.73483610153
117.6	28.5	3.7346675396
117.9	28.5	3.73607850075
118.2	28.5	3.74549508095
118.5	28.5	3.7648627758
118.8	28.5	3.77418255806
119.1	28.5	3.78454446793
119.4	28.5	3.84131503105
119.7	28.5	3.84440732002
120	28.5	3.75204396248
120.3	28.5	3.71277284622
120.6	28.5	3.77029061317
120.9	28.5	3.78882646561
121.2	28.5	3.78713750839
121.5	28.5	3.81561207771
121.8	28.5	3.78622150421
122.1	28.5	3.74632787704
122.4	28.5	3.73359179497
115.5	28.2	3.7349998951
115.8	28.2	3.7349998951
116.1	28.2	3.7349998951
116.4	28.2	3.73500394821
116.7	28.2	3.73500275612
117	28.2	3.73498535156
117.3	28.2	3.73490834236
117.6	28.2	3.73455095291
117.9	28.2	3.73447108269
118.2	28.2	3.73865890503
118.5	28.2	3.75234079361
118.8	28.2	3.76887059212
119.1	28.2	3.78702402115
119.4	28.2	3.80555343628
119.7	28.2	3.77586483955
120	28.2	3.71639561653
120.3	28.2	3.7239587307
120.6	28.2	3.80333018303
120.9	28.2	3.81754016876
121.2	28.2	3.7982852459
121.5	28.2	3.8007671833
121.8	28.2	3.76626992226
122.1	28.2	3.73842287064
122.4	28.2	3.73300170898
115.5	27.9	3.7349998951
115.8	27.9	3.7349998951
116.1	27.9	3.73499965668
116.4	27.9	3.7349998951
116.7	27.9	3.73500537872
117	27.9	3.73500800133
117.3	27.9	3.73498034477
117.6	27.9	3.73473906517
117.9	27.9	3.73424530029
118.2	27.9	3.73621273041
118.5	27.9	3.7465531826
118.8	27.9	3.76425552368
119.1	27.9	3.77563309669
119.4	27.9	3.76823186874
119.7	27.9	3.7409029007
120	27.9	3.71847581863
120.3	27.9	3.73928594589
120.6	27.9	3.79587125778
120.9	27.9	3.80265212059
121.2	27.9	3.78779649734
121.5	27.9	3.78017807007
121.8	27.9	3.7508494854
122.1	27.9	3.73477458954
122.4	27.9	3.73351693153
115.5	27.6	3.7349998951
115.8	27.6	3.7349998951
116.1	27.6	3.7349998951
116.4	27.6	3.73499917984
116.7	27.6	3.73500037193
117	27.6	3.73500990868
117.3	27.6	3.73501443863
117.6	27.6	3.73488211632
117.9	27.6	3.73441910744
118.2	27.6	3.73499393463
118.5	27.6	3.74120616913
118.8	27.6	3.75382661819
119.1	27.6	3.75969195366
119.4	27.6	3.74988555908
119.7	27.6	3.73560023308
120	27.6	3.72968196869
120.3	27.6	3.74092888832
120.6	27.6	3.76328969002
120.9	27.6	3.76465415955
121.2	27.6	3.76191711426
121.5	27.6	3.75750803947
121.8	27.6	3.74069476128
122.1	27.6	3.73377656937
122.4	27.6	3.73421931267
115.5	27.3	3.7349998951
115.8	27.3	3.7349998951
116.1	27.3	3.7349998951
116.4	27.3	3.73499965668
116.7	27.3	3.73499894142
117	27.3	3.73500323296
117.3	27.3	3.73501992226
117.6	27.3	3.73498392105
117.9	27.3	3.73465132713
118.2	27.3	3.73437976837
118.5	27.3	3.73668885231
118.8	27.3	3.74263429642
119.1	27.3	3.74556279182
119.4	27.3	3.74089312553
119.7	27.3	3.73592424393
120	27.3	3.73474740982
120.3	27.3	3.73794007301
120.6	27.3	3.7431871891
120.9	27.3	3.74330019951
121.2	27.3	3.74428272247
121.5	27.3	3.74252605438
121.8	27.3	3.73575401306
122.1	27.3	3.73395085335
122.4	27.3	3.73472642899
