115.5	34.8	3.04544329643
115.8	34.8	3.04411959648
116.1	34.8	3.04411149025
116.4	34.8	3.0440132618
116.7	34.8	3.04002189636
117	34.8	3.03954935074
117.3	34.8	3.057315588
117.6	34.8	3.06758737564
117.9	34.8	3.05980181694
118.2	34.8	3.05752778053
118.5	34.8	3.07158231735
118.8	34.8	3.0864481926
119.1	34.8	3.07969737053
119.4	34.8	3.05254340172
119.7	34.8	3.03820967674
120	34.8	3.04070997238
120.3	34.8	3.0441827774
120.6	34.8	3.04467701912
120.9	34.8	3.04421496391
121.2	34.8	3.04397463799
121.5	34.8	3.04397296906
121.8	34.8	3.04399800301
122.1	34.8	3.0440018177
122.4	34.8	3.04400014877
115.5	34.5	3.0446472168
115.8	34.5	3.04385113716
116.1	34.5	3.04488158226
116.4	34.5	3.04595923424
116.7	34.5	3.03846955299
117	34.5	3.03237605095
117.3	34.5	3.05689740181
117.6	34.5	3.07564473152
117.9	34.5	3.06289076805
118.2	34.5	3.05696368217
118.5	34.5	3.08428239822
118.8	34.5	3.11886572838
119.1	34.5	3.11061191559
119.4	34.5	3.05790877342
119.7	34.5	3.02816534042
120	34.5	3.03187394142
120.3	34.5	3.04082369804
120.6	34.5	3.04451107979
120.9	34.5	3.04472327232
121.2	34.5	3.04416704178
121.5	34.5	3.04396224022
121.8	34.5	3.04397034645
122.1	34.5	3.04399490356
122.4	34.5	3.04400229454
115.5	34.2	3.04375052452
115.8	34.2	3.0438284874
116.1	34.2	3.04695487022
116.4	34.2	3.05094456673
116.7	34.2	3.04193711281
117	34.2	3.03279852867
117.3	34.2	3.06078243256
117.6	34.2	3.08671998978
117.9	34.2	3.06975388527
118.2	34.2	3.05001044273
118.5	34.2	3.07425403595
118.8	34.2	3.1181936264
119.1	34.2	3.10823106766
119.4	34.2	3.04305052757
119.7	34.2	3.00942397118
120	34.2	3.0154671669
120.3	34.2	3.03063845634
120.6	34.2	3.041015625
120.9	34.2	3.04472708702
121.2	34.2	3.04467129707
121.5	34.2	3.04414868355
121.8	34.2	3.04397821426
122.1	34.2	3.0439593792
122.4	34.2	3.04399037361
115.5	33.9	3.04352211952
115.8	33.9	3.04450917244
116.1	33.9	3.05086398125
116.4	33.9	3.05828547478
116.7	33.9	3.04596686363
117	33.9	3.03247261047
117.3	33.9	3.06076097488
117.6	33.9	3.09053707123
117.9	33.9	3.07164263725
118.2	33.9	3.0380961895
118.5	33.9	3.04632854462
118.8	33.9	3.0774064064
119.1	33.9	3.05876898766
119.4	33.9	3.00193500519
119.7	33.9	2.98421025276
120	33.9	2.9951736927
120.3	33.9	3.01251482964
120.6	33.9	3.03051877022
120.9	33.9	3.04194927216
121.2	33.9	3.04497218132
121.5	33.9	3.04472661018
121.8	33.9	3.04431414604
122.1	33.9	3.04401946068
122.4	33.9	3.04394650459
115.5	33.6	3.04368448257
115.8	33.6	3.04589509964
116.1	33.6	3.05568480492
116.4	33.6	3.06618571281
116.7	33.6	3.05149030685
117	33.6	3.03194832802
117.3	33.6	3.05306506157
117.6	33.6	3.07236742973
117.9	33.6	3.04665875435
118.2	33.6	3.01298666
118.5	33.6	3.0143456459
118.8	33.6	3.01877093315
119.1	33.6	2.9870929718
119.4	33.6	2.95317006111
119.7	33.6	2.95988464355
120	33.6	2.97764635086
120.3	33.6	2.99237990379
120.6	33.6	3.01325130463
120.9	33.6	3.034055233
121.2	33.6	3.04345488548
121.5	33.6	3.04474306107
121.8	33.6	3.04495692253
122.1	33.6	3.04455852509
122.4	33.6	3.04401612282
115.5	33.3	3.0439927578
115.8	33.3	3.04681777954
116.1	33.3	3.05589032173
116.4	33.3	3.06490802765
116.7	33.3	3.05825543404
117	33.3	3.05322313309
117.3	33.3	3.07410740852
117.6	33.3	3.07158184052
117.9	33.3	3.03175616264
118.2	33.3	3.00374174118
118.5	33.3	3.00556492805
118.8	33.3	2.97693872452
119.1	33.3	2.93032813072
119.4	33.3	2.92352056503
119.7	33.3	2.94582819939
120	33.3	2.96440243721
120.3	33.3	2.97632837296
120.6	33.3	2.99414038658
120.9	33.3	3.02178096771
121.2	33.3	3.03814649582
121.5	33.3	3.03964447975
121.8	33.3	3.04302763939
122.1	33.3	3.04528284073
122.4	33.3	3.04452610016
115.5	33	3.04434037209
115.8	33	3.04604744911
116.1	33	3.04735136032
116.4	33	3.04447197914
116.7	33	3.0464220047
117	33	3.07069587708
117.3	33	3.11243200302
117.6	33	3.11202025414
117.9	33	3.07637095451
118.2	33	3.05580568314
118.5	33	3.04937505722
118.8	33	2.98309326172
119.1	33	2.9096288681
119.4	33	2.91394686699
119.7	33	2.93588995934
120	33	2.93992447853
120.3	33	2.94938755035
120.6	33	2.96867156029
120.9	33	3.0102481842
121.2	33	3.0316426754
121.5	33	3.02135205269
121.8	33	3.03042578697
122.1	33	3.04335641861
122.4	33	3.04520964622
115.5	32.7	3.04473233223
115.8	32.7	3.04506826401
116.1	32.7	3.03929638863
116.4	32.7	3.02730369568
116.7	32.7	3.02661275864
117	32.7	3.04185724258
117.3	32.7	3.07854390144
117.6	32.7	3.10927391052
117.9	32.7	3.12076258659
118.2	32.7	3.11142992973
118.5	32.7	3.07397031784
118.8	32.7	2.9871134758
119.1	32.7	2.90849614143
119.4	32.7	2.91069865227
119.7	32.7	2.91409707069
120	32.7	2.88069558144
120.3	32.7	2.87970542908
120.6	32.7	2.91879010201
120.9	32.7	3.01142072678
121.2	32.7	3.0445625782
121.5	32.7	2.99436736107
121.8	32.7	3.00338745117
122.1	32.7	3.03566241264
122.4	32.7	3.04470014572
115.5	32.4	3.04483532906
115.8	32.4	3.04456353188
116.1	32.4	3.03809976578
116.4	32.4	3.02974367142
116.7	32.4	3.01939511299
117	32.4	2.98504734039
117.3	32.4	2.97449803352
117.6	32.4	3.02570199966
117.9	32.4	3.10060214996
118.2	32.4	3.11414885521
118.5	32.4	3.04441523552
118.8	32.4	2.95996785164
119.1	32.4	2.91456246376
119.4	32.4	2.92836117744
119.7	32.4	2.91091775894
120	32.4	2.82924818993
120.3	32.4	2.8071513176
120.6	32.4	2.8733355999
120.9	32.4	3.0439260006
121.2	32.4	3.10466337204
121.5	32.4	2.99862575531
121.8	32.4	2.98693013191
122.1	32.4	3.0293161869
122.4	32.4	3.04333090782
115.5	32.1	3.04486370087
115.8	32.1	3.04559659958
116.1	32.1	3.04500174522
116.4	32.1	3.04942393303
116.7	32.1	3.03401994705
117	32.1	2.96086597443
117.3	32.1	2.91339731216
117.6	32.1	2.9649579525
117.9	32.1	3.06307220459
118.2	32.1	3.09280133247
118.5	32.1	3.02959513664
118.8	32.1	2.9674270153
119.1	32.1	2.93612551689
119.4	32.1	2.93238258362
119.7	32.1	2.92800235748
120	32.1	2.89164924622
120.3	32.1	2.8848991394
120.6	32.1	2.92893338203
120.9	32.1	3.06869220734
121.2	32.1	3.13096261024
121.5	32.1	3.03468775749
121.8	32.1	3.01314759254
122.1	32.1	3.03940296173
122.4	32.1	3.04461479187
115.5	31.8	3.04550266266
115.8	31.8	3.04943180084
116.1	31.8	3.0569858551
116.4	31.8	3.07151293755
116.7	31.8	3.05988693237
117	31.8	2.98978281021
117.3	31.8	2.94011592865
117.6	31.8	2.97611761093
117.9	31.8	3.05097532272
118.2	31.8	3.07614898682
118.5	31.8	3.05371212959
118.8	31.8	3.03471875191
119.1	31.8	2.99528026581
119.4	31.8	2.92268633842
119.7	31.8	2.88333582878
120	31.8	2.92958521843
120.3	31.8	3.01414489746
120.6	31.8	3.03251409531
120.9	31.8	3.0507581234
121.2	31.8	3.08855724335
121.5	31.8	3.07624030113
121.8	31.8	3.07175278664
122.1	31.8	3.06357288361
122.4	31.8	3.04897689819
115.5	31.5	3.04594349861
115.8	31.5	3.05306077003
116.1	31.5	3.06790471077
116.4	31.5	3.08896040916
116.7	31.5	3.09160113335
117	31.5	3.05826830864
117.3	31.5	3.02416419983
117.6	31.5	3.01985025406
117.9	31.5	3.03818583488
118.2	31.5	3.03479290009
118.5	31.5	3.03218221664
118.8	31.5	3.04967689514
119.1	31.5	3.03626942635
119.4	31.5	2.96768856049
119.7	31.5	2.90454006195
120	31.5	2.95619344711
120.3	31.5	3.06729531288
120.6	31.5	3.06101202965
120.9	31.5	3.00644540787
121.2	31.5	3.04017210007
121.5	31.5	3.09142327309
121.8	31.5	3.09774112701
122.1	31.5	3.06909298897
122.4	31.5	3.046854496
115.5	31.2	3.04503655434
115.8	31.2	3.05157232285
116.1	31.2	3.06781244278
116.4	31.2	3.0923511982
116.7	31.2	3.1117246151
117	31.2	3.11659026146
117.3	31.2	3.1048476696
117.6	31.2	3.07740664482
117.9	31.2	3.05091071129
118.2	31.2	3.00816106796
118.5	31.2	2.97770261765
118.8	31.2	2.98594260216
119.1	31.2	3.00729751587
119.4	31.2	3.01747918129
119.7	31.2	3.00518035889
120	31.2	3.01944327354
120.3	31.2	3.03812479973
120.6	31.2	3.00122213364
120.9	31.2	3.00325703621
121.2	31.2	3.07567644119
121.5	31.2	3.11363530159
121.8	31.2	3.09357118607
122.1	31.2	3.05767607689
122.4	31.2	3.03902029991
115.5	30.9	3.0436835289
115.8	30.9	3.04640436172
116.1	30.9	3.05660843849
116.4	30.9	3.07718896866
116.7	30.9	3.10363674164
117	30.9	3.12904381752
117.3	30.9	3.14437937737
117.6	30.9	3.14339852333
117.9	30.9	3.12632513046
118.2	30.9	3.07291889191
118.5	30.9	3.00881290436
118.8	30.9	2.9798014164
119.1	30.9	3.00488042831
119.4	30.9	3.05039095879
119.7	30.9	3.08085274696
120	30.9	3.08323025703
120.3	30.9	3.00860118866
120.6	30.9	2.9569299221
120.9	30.9	3.03833293915
121.2	30.9	3.12964582443
121.5	30.9	3.12947511673
121.8	30.9	3.09364771843
122.1	30.9	3.06589317322
122.4	30.9	3.04606175423
115.5	30.6	3.04338502884
115.8	30.6	3.04326152802
116.1	30.6	3.04637265205
116.4	30.6	3.05743551254
116.7	30.6	3.07992911339
117	30.6	3.11233878136
117.3	30.6	3.14753818512
117.6	30.6	3.17963457108
117.9	30.6	3.19939684868
118.2	30.6	3.17374300957
118.5	30.6	3.10828447342
118.8	30.6	3.07016539574
119.1	30.6	3.10250258446
119.4	30.6	3.13203644753
119.7	30.6	3.14047622681
120	30.6	3.13177680969
120.3	30.6	3.03605461121
120.6	30.6	2.99009346962
120.9	30.6	3.04519367218
121.2	30.6	3.08128857613
121.5	30.6	3.07668542862
121.8	30.6	3.08327817917
122.1	30.6	3.09422707558
122.4	30.6	3.07382488251
115.5	30.3	3.04376935959
115.8	30.3	3.04305934906
116.1	30.3	3.04263949394
116.4	30.3	3.04593729973
116.7	30.3	3.05922913551
117	30.3	3.08695840836
117.3	30.3	3.12474822998
117.6	30.3	3.16527032852
117.9	30.3	3.19849777222
118.2	30.3	3.18569111824
118.5	30.3	3.12463927269
118.8	30.3	3.11144256592
119.1	30.3	3.16975092888
119.4	30.3	3.18593835831
119.7	30.3	3.16241264343
120	30.3	3.14324140549
120.3	30.3	3.08830928802
120.6	30.3	3.06268382072
120.9	30.3	3.05325603485
121.2	30.3	3.03302097321
121.5	30.3	3.04399061203
121.8	30.3	3.08525633812
122.1	30.3	3.1162147522
122.4	30.3	3.09418869019
115.5	30	3.04403281212
115.8	30	3.04371452332
116.1	30	3.0427942276
116.4	30	3.04240608215
116.7	30	3.04689097404
117	30	3.06218314171
117.3	30	3.08953928947
117.6	30	3.12356638908
117.9	30	3.14915180206
118.2	30	3.12548661232
118.5	30	3.06426095963
118.8	30	3.07976222038
119.1	30	3.15841197968
119.4	30	3.17836666107
119.7	30	3.15856409073
120	30	3.16137456894
120.3	30	3.16028666496
120.6	30	3.14215755463
120.9	30	3.10691833496
121.2	30	3.09929394722
121.5	30	3.12129616737
121.8	30	3.13724279404
122.1	30	3.128895998
122.4	30	3.08845567703
115.5	29.7	3.044049263
115.8	29.7	3.04404783249
116.1	29.7	3.04365038872
116.4	29.7	3.0426671505
116.7	29.7	3.04258155823
117	29.7	3.04725575447
117.3	29.7	3.06089544296
117.6	29.7	3.08455228806
117.9	29.7	3.10913586617
118.2	29.7	3.11084747314
118.5	29.7	3.10416841507
118.8	29.7	3.14426279068
119.1	29.7	3.19016909599
119.4	29.7	3.18719553947
119.7	29.7	3.16471147537
120	29.7	3.16622018814
120.3	29.7	3.18141746521
120.6	29.7	3.16295385361
120.9	29.7	3.13792777061
121.2	29.7	3.16009116173
121.5	29.7	3.17854762077
121.8	29.7	3.1592540741
122.1	29.7	3.11575269699
122.4	29.7	3.06960320473
115.5	29.4	3.04400706291
115.8	29.4	3.04406023026
116.1	29.4	3.04404401779
116.4	29.4	3.04359793663
116.7	29.4	3.04266881943
117	29.4	3.04258918762
117.3	29.4	3.04678845406
117.6	29.4	3.0609896183
117.9	29.4	3.09037590027
118.2	29.4	3.13476490974
118.5	29.4	3.18461632729
118.8	29.4	3.21288251877
119.1	29.4	3.19926381111
119.4	29.4	3.17418813705
119.7	29.4	3.16532182693
120	29.4	3.16846823692
120.3	29.4	3.1803817749
120.6	29.4	3.1674823761
120.9	29.4	3.1537399292
121.2	29.4	3.17807602882
121.5	29.4	3.18027567863
121.8	29.4	3.13828325272
122.1	29.4	3.08628797531
122.4	29.4	3.05222606659
115.5	29.1	3.04399585724
115.8	29.1	3.04400968552
116.1	29.1	3.04406404495
116.4	29.1	3.04402852058
116.7	29.1	3.04360198975
117	29.1	3.04275035858
117.3	29.1	3.04269838333
117.6	29.1	3.04821372032
117.9	29.1	3.06988668442
118.2	29.1	3.11886262894
118.5	29.1	3.18108963966
118.8	29.1	3.20657157898
119.1	29.1	3.18077802658
119.4	29.1	3.16643643379
119.7	29.1	3.18178009987
120	29.1	3.1785492897
120.3	29.1	3.17264699936
120.6	29.1	3.16781234741
120.9	29.1	3.16562819481
121.2	29.1	3.17745828629
121.5	29.1	3.15815591812
121.8	29.1	3.104408741
122.1	29.1	3.060785532
122.4	29.1	3.04318594933
115.5	28.8	3.04399895668
115.8	28.8	3.04399561882
116.1	28.8	3.0440120697
116.4	28.8	3.04405808449
116.7	28.8	3.04401731491
117	28.8	3.04362630844
117.3	28.8	3.04273891449
117.6	28.8	3.04297924042
117.9	28.8	3.05166912079
118.2	28.8	3.08144235611
118.5	28.8	3.13175725937
118.8	28.8	3.16912317276
119.1	28.8	3.17228913307
119.4	28.8	3.1872780323
119.7	28.8	3.2086353302
120	28.8	3.18245053291
120.3	28.8	3.15813970566
120.6	28.8	3.16348958015
120.9	28.8	3.17501044273
121.2	28.8	3.1739923954
121.5	28.8	3.1337313652
121.8	28.8	3.07662701607
122.1	28.8	3.04660749435
122.4	28.8	3.04096055031
115.5	28.5	3.04400014877
115.8	28.5	3.0439991951
116.1	28.5	3.04399681091
116.4	28.5	3.04401230812
116.7	28.5	3.04404568672
117	28.5	3.0440030098
117.3	28.5	3.04356241226
117.6	28.5	3.04248714447
117.9	28.5	3.04351854324
118.2	28.5	3.056879282
118.5	28.5	3.09344911575
118.8	28.5	3.14101719856
119.1	28.5	3.1761598587
119.4	28.5	3.20633411407
119.7	28.5	3.20859265327
120	28.5	3.16440367699
120.3	28.5	3.14306330681
120.6	28.5	3.16904258728
120.9	28.5	3.19722080231
121.2	28.5	3.18128681183
121.5	28.5	3.11748790741
121.8	28.5	3.05971431732
122.1	28.5	3.04099774361
122.4	28.5	3.04152393341
115.5	28.2	3.04399991035
115.8	28.2	3.04399991035
116.1	28.2	3.04399895668
116.4	28.2	3.04399871826
116.7	28.2	3.04401135445
117	28.2	3.04404044151
117.3	28.2	3.04397535324
117.6	28.2	3.04322838783
117.9	28.2	3.04184556007
118.2	28.2	3.04647707939
118.5	28.2	3.07336854935
118.8	28.2	3.12697458267
119.1	28.2	3.17977523804
119.4	28.2	3.20056533813
119.7	28.2	3.17528700829
120	28.2	3.13067221642
120.3	28.2	3.12785387039
120.6	28.2	3.17670989037
120.9	28.2	3.22306108475
121.2	28.2	3.1957526207
121.5	28.2	3.11090540886
121.8	28.2	3.05238962173
122.1	28.2	3.03986001015
122.4	28.2	3.04244923592
115.5	27.9	3.04399991035
115.8	27.9	3.04399991035
116.1	27.9	3.04399967194
116.4	27.9	3.04399895668
116.7	27.9	3.04400086403
117	27.9	3.04401874542
117.3	27.9	3.04404568672
117.6	27.9	3.04370331764
117.9	27.9	3.04228377342
118.2	27.9	3.04378175735
118.5	27.9	3.06451654434
118.8	27.9	3.11706638336
119.1	27.9	3.17005610466
119.4	27.9	3.17266988754
119.7	27.9	3.13123607635
120	27.9	3.09623575211
120.3	27.9	3.10593223572
120.6	27.9	3.16201138496
120.9	27.9	3.21879577637
121.2	27.9	3.19261264801
121.5	27.9	3.10415768623
121.8	27.9	3.04993605614
122.1	27.9	3.04055070877
122.4	27.9	3.04306602478
115.5	27.6	3.04399991035
115.8	27.6	3.04399991035
116.1	27.6	3.04399991035
116.4	27.6	3.04399943352
116.7	27.6	3.04399943352
117	27.6	3.04400753975
117.3	27.6	3.04403948784
117.6	27.6	3.04390001297
117.9	27.6	3.0429084301
118.2	27.6	3.04301047325
118.5	27.6	3.05616521835
118.8	27.6	3.09499239922
119.1	27.6	3.13329052925
119.4	27.6	3.12631845474
119.7	27.6	3.08951830864
120	27.6	3.06747984886
120.3	27.6	3.07824134827
120.6	27.6	3.12278580666
120.9	27.6	3.17302727699
121.2	27.6	3.1563680172
121.5	27.6	3.08747029305
121.8	27.6	3.04746007919
122.1	27.6	3.04157137871
122.4	27.6	3.04346489906
115.5	27.3	3.04399991035
115.8	27.3	3.04399991035
116.1	27.3	3.04399991035
116.4	27.3	3.04399991035
116.7	27.3	3.04399871826
117	27.3	3.04400229454
117.3	27.3	3.04402971268
117.6	27.3	3.044008255
117.9	27.3	3.04339146614
118.2	27.3	3.04240560532
118.5	27.3	3.04703879356
118.8	27.3	3.06506824493
119.1	27.3	3.0830116272
119.4	27.3	3.07677769661
119.7	27.3	3.057721138
120	27.3	3.04854059219
120.3	27.3	3.05486130714
120.6	27.3	3.07891273499
120.9	27.3	3.10896801949
121.2	27.3	3.10151171684
121.5	27.3	3.06412172318
121.8	27.3	3.04396820068
122.1	27.3	3.0422949791
122.4	27.3	3.04376149178
