115.5	34.8	3.00009965897
115.8	34.8	3.00006437302
116.1	34.8	2.99985861778
116.4	34.8	2.99832034111
116.7	34.8	2.99601769447
117	34.8	3.00222802162
117.3	34.8	3.020870924
117.6	34.8	3.03096246719
117.9	34.8	3.02395105362
118.2	34.8	3.01809835434
118.5	34.8	3.03112959862
118.8	34.8	3.05809044838
119.1	34.8	3.0612924099
119.4	34.8	3.02745652199
119.7	34.8	3.00218844414
120	34.8	2.99777173996
120.3	34.8	2.99935150146
120.6	34.8	3.00010871887
120.9	34.8	3.00009346008
121.2	34.8	3.00000429153
121.5	34.8	2.99998998642
121.8	34.8	2.99999761581
122.1	34.8	3.00000119209
122.4	34.8	3.00000047684
115.5	34.5	3.00004148483
115.8	34.5	3.0000538826
116.1	34.5	2.99977564812
116.4	34.5	2.99727749825
116.7	34.5	2.9921476841
117	34.5	2.99719810486
117.3	34.5	3.02456927299
117.6	34.5	3.04691290855
117.9	34.5	3.04015564919
118.2	34.5	3.03016495705
118.5	34.5	3.05116939545
118.8	34.5	3.09488368034
119.1	34.5	3.09872627258
119.4	34.5	3.04437232018
119.7	34.5	3.00393438339
120	34.5	2.99583125114
120.3	34.5	2.99817681313
120.6	34.5	2.99984741211
120.9	34.5	3.00014948845
121.2	34.5	3.00005149841
121.5	34.5	2.99999260902
121.8	34.5	2.99998116493
122.1	34.5	2.99999284744
122.4	34.5	3.00000238419
115.5	34.2	2.99999094009
115.8	34.2	3.0001475811
116.1	34.2	3.0002450943
116.4	34.2	2.99828338623
116.7	34.2	2.99272060394
117	34.2	2.99706840515
117.3	34.2	3.028819561
117.6	34.2	3.05904531479
117.9	34.2	3.04797148705
118.2	34.2	3.02300643921
118.5	34.2	3.03813791275
118.8	34.2	3.08780241013
119.1	34.2	3.09262347221
119.4	34.2	3.03669643402
119.7	34.2	2.99912405014
120	34.2	2.99284553528
120.3	34.2	2.99641013145
120.6	34.2	2.99915456772
120.9	34.2	3.00008654594
121.2	34.2	3.00015330315
121.5	34.2	3.00008368492
121.8	34.2	3.00000858307
122.1	34.2	2.99996185303
122.4	34.2	2.9999871254
115.5	33.9	3.00008177757
115.8	33.9	3.00044488907
116.1	33.9	3.00103116035
116.4	33.9	3.00034952164
116.7	33.9	2.99398088455
117	33.9	2.99338316917
117.3	33.9	3.02575588226
117.6	33.9	3.05972743034
117.9	33.9	3.04049420357
118.2	33.9	2.99485778809
118.5	33.9	2.99159264565
118.8	33.9	3.03190040588
119.1	33.9	3.03545284271
119.4	33.9	2.99551415443
119.7	33.9	2.97894001007
120	33.9	2.98433661461
120.3	33.9	2.99241495132
120.6	33.9	2.99732232094
120.9	33.9	2.99963641167
121.2	33.9	3.00029540062
121.5	33.9	3.00039577484
121.8	33.9	3.00032114983
122.1	33.9	3.00004863739
122.4	33.9	2.99994111061
115.5	33.6	3.00032305717
115.8	33.6	3.00028038025
116.1	33.6	2.99950695038
116.4	33.6	2.99925947189
116.7	33.6	2.99347281456
117	33.6	2.98279643059
117.3	33.6	3.00387907028
117.6	33.6	3.03050065041
117.9	33.6	3.00569438934
118.2	33.6	2.95827198029
118.5	33.6	2.94690799713
118.8	33.6	2.97108697891
119.1	33.6	2.97266125679
119.4	33.6	2.94961261749
119.7	33.6	2.94844985008
120	33.6	2.96605658531
120.3	33.6	2.9831764698
120.6	33.6	2.99298882484
120.9	33.6	2.99828219414
121.2	33.6	3.00010299683
121.5	33.6	3.00023913383
121.8	33.6	3.00083732605
122.1	33.6	3.00062465668
122.4	33.6	3.00003743172
115.5	33.3	3.00042796135
115.8	33.3	2.99807715416
116.1	33.3	2.99117588997
116.4	33.3	2.98818826675
116.7	33.3	2.99186658859
117	33.3	2.98905181885
117.3	33.3	2.9990336895
117.6	33.3	3.00134515762
117.9	33.3	2.96917629242
118.2	33.3	2.94293665886
118.5	33.3	2.94140315056
118.8	33.3	2.94719433784
119.1	33.3	2.95047235489
119.4	33.3	2.94327235222
119.7	33.3	2.93641114235
120	33.3	2.94523859024
120.3	33.3	2.96662354469
120.6	33.3	2.9833316803
120.9	33.3	2.99508500099
121.2	33.3	2.99818992615
121.5	33.3	2.9955368042
121.8	33.3	2.99868249893
122.1	33.3	3.00130867958
122.4	33.3	3.0006108284
115.5	33	2.99998354912
115.8	33	2.99340796471
116.1	33	2.97739982605
116.4	33	2.96790361404
116.7	33	2.97835922241
117	33	2.99628591537
117.3	33	3.02334189415
117.6	33	3.02624821663
117.9	33	3.00057339668
118.2	33	2.99337911606
118.5	33	2.98879432678
118.8	33	2.95680999756
119.1	33	2.9479572773
119.4	33	2.96165299416
119.7	33	2.94699597359
120	33	2.92270469666
120.3	33	2.93251085281
120.6	33	2.95863127708
120.9	33	2.98925662041
121.2	33	2.99441123009
121.5	33	2.9780087471
121.8	33	2.98579001427
122.1	33	2.99911928177
122.4	33	3.00131511688
115.5	32.7	2.99875426292
115.8	32.7	2.98868060112
116.1	32.7	2.97003245354
116.4	32.7	2.96145415306
116.7	32.7	2.9641456604
117	32.7	2.96679091454
117.3	32.7	2.99605941772
117.6	32.7	3.04504156113
117.9	32.7	3.07577991486
118.2	32.7	3.07521510124
118.5	32.7	3.02515912056
118.8	32.7	2.93922519684
119.1	32.7	2.90461087227
119.4	32.7	2.94232916832
119.7	32.7	2.93550038338
120	32.7	2.86989140511
120.3	32.7	2.85969877243
120.6	32.7	2.90778779984
120.9	32.7	2.98791265488
121.2	32.7	3.00279808044
121.5	32.7	2.95036363602
121.8	32.7	2.9582862854
122.1	32.7	2.99084067345
122.4	32.7	3.00069975853
115.5	32.4	2.99698972702
115.8	32.4	2.98652529716
116.1	32.4	2.97515392303
116.4	32.4	2.97591972351
116.7	32.4	2.96264386177
117	32.4	2.91737723351
117.3	32.4	2.90105056763
117.6	32.4	2.97503495216
117.9	32.4	3.07482933998
118.2	32.4	3.08504986763
118.5	32.4	2.99600887299
118.8	32.4	2.89657354355
119.1	32.4	2.85428404808
119.4	32.4	2.89795255661
119.7	32.4	2.89975810051
120	32.4	2.80856633186
120.3	32.4	2.78819990158
120.6	32.4	2.86529803276
120.9	32.4	3.01021099091
121.2	32.4	3.05027079582
121.5	32.4	2.95206856728
121.8	32.4	2.94128203392
122.1	32.4	2.98370909691
122.4	32.4	2.99908876419
115.5	32.1	2.99652600288
115.8	32.1	2.99038696289
116.1	32.1	2.99131441116
116.4	32.1	2.99774026871
116.7	32.1	2.9707660675
117	32.1	2.89831233025
117.3	32.1	2.85124659538
117.6	32.1	2.91805648804
117.9	32.1	3.03166937828
118.2	32.1	3.04852938652
118.5	32.1	2.97121906281
118.8	32.1	2.90454745293
119.1	32.1	2.86232566833
119.4	32.1	2.86334776878
119.7	32.1	2.8702018261
120	32.1	2.8322224617
120.3	32.1	2.83848619461
120.6	32.1	2.8991651535
120.9	32.1	3.02107524872
121.2	32.1	3.07563138008
121.5	32.1	2.99366474152
121.8	32.1	2.96905183792
122.1	32.1	2.99281525612
122.4	32.1	2.99995923042
115.5	31.8	2.99856233597
115.8	31.8	2.99989914894
116.1	31.8	3.00988149643
116.4	31.8	3.01348519325
116.7	31.8	2.98348069191
117	31.8	2.92634510994
117.3	31.8	2.88726496696
117.6	31.8	2.93128085136
117.9	31.8	3.01117658615
118.2	31.8	3.02794265747
118.5	31.8	3.00179553032
118.8	31.8	2.98579525948
119.1	31.8	2.93520379066
119.4	31.8	2.85581707954
119.7	31.8	2.81590676308
120	31.8	2.85567593575
120.3	31.8	2.94659018517
120.6	31.8	2.97987747192
120.9	31.8	2.99357533455
121.2	31.8	3.0327732563
121.5	31.8	3.03468990326
121.8	31.8	3.02585721016
122.1	31.8	3.0135538578
122.4	31.8	3.00233340263
115.5	31.5	3.00065517426
115.8	31.5	3.00742268562
116.1	31.5	3.02387475967
116.4	31.5	3.03472661972
116.7	31.5	3.02754688263
117	31.5	3.01111078262
117.3	31.5	2.98206353188
117.6	31.5	2.96999788284
117.9	31.5	2.98100805283
118.2	31.5	2.97010493279
118.5	31.5	2.96393871307
118.8	31.5	2.98563885689
119.1	31.5	2.97442579269
119.4	31.5	2.91363835335
119.7	31.5	2.85654377937
120	31.5	2.89936757088
120.3	31.5	3.00310230255
120.6	31.5	3.00343632698
120.9	31.5	2.94609546661
121.2	31.5	2.96955442429
121.5	31.5	3.03240609169
121.8	31.5	3.04384446144
122.1	31.5	3.0131008625
122.4	31.5	2.99584364891
115.5	31.2	3.00062537193
115.8	31.2	3.00720286369
116.1	31.2	3.02524757385
116.4	31.2	3.04943227768
116.7	31.2	3.07233428955
117	31.2	3.08893918991
117.3	31.2	3.07014393806
117.6	31.2	3.02490401268
117.9	31.2	2.98534703255
118.2	31.2	2.93041205406
118.5	31.2	2.88969516754
118.8	31.2	2.90192747116
119.1	31.2	2.93708992004
119.4	31.2	2.96396946907
119.7	31.2	2.96603107452
120	31.2	2.97799515724
120.3	31.2	2.97736215591
120.6	31.2	2.93597435951
120.9	31.2	2.94204187393
121.2	31.2	3.00567865372
121.5	31.2	3.05026865005
121.8	31.2	3.03934407234
122.1	31.2	3.00068926811
122.4	31.2	2.98385024071
115.5	30.9	2.99964928627
115.8	30.9	3.00244641304
116.1	30.9	3.01395130157
116.4	30.9	3.03686237335
116.7	30.9	3.06711006165
117	30.9	3.09446382523
117.3	30.9	3.10196113586
117.6	30.9	3.09416437149
117.9	30.9	3.07397222519
118.2	30.9	3.0142621994
118.5	30.9	2.94420719147
118.8	30.9	2.91795539856
119.1	30.9	2.94610762596
119.4	30.9	2.99280977249
119.7	30.9	3.03660035133
120	30.9	3.04269266129
120.3	30.9	2.93971014023
120.6	30.9	2.87666869164
120.9	30.9	2.97515106201
121.2	30.9	3.07730650902
121.5	30.9	3.07905340195
121.8	30.9	3.04789710045
122.1	30.9	3.01584506035
122.4	30.9	2.9912378788
115.5	30.6	2.99943447113
115.8	30.6	2.99930930138
116.1	30.6	3.00268530846
116.4	30.6	3.01390051842
116.7	30.6	3.03457736969
117	30.6	3.06126117706
117.3	30.6	3.0922896862
117.6	30.6	3.13026380539
117.9	30.6	3.15794587135
118.2	30.6	3.13769769669
118.5	30.6	3.0784907341
118.8	30.6	3.04250860214
119.1	30.6	3.06333446503
119.4	30.6	3.08298206329
119.7	30.6	3.10187244415
120	30.6	3.09072256088
120.3	30.6	2.9679954052
120.6	30.6	2.91493868828
120.9	30.6	2.98194694519
121.2	30.6	3.0274746418
121.5	30.6	3.02405834198
121.8	30.6	3.03752470016
122.1	30.6	3.05072879791
122.4	30.6	3.02424311638
115.5	30.3	2.99979400635
115.8	30.3	2.99911284447
116.1	30.3	2.99873352051
116.4	30.3	3.00151443481
116.7	30.3	3.01153898239
117	30.3	3.03243613243
117.3	30.3	3.06781721115
117.6	30.3	3.11752843857
117.9	30.3	3.16483283043
118.2	30.3	3.1672539711
118.5	30.3	3.11883234978
118.8	30.3	3.100679636
119.1	30.3	3.13951539993
119.4	30.3	3.15146207809
119.7	30.3	3.13936853409
120	30.3	3.1119658947
120.3	30.3	3.04089474678
120.6	30.3	3.01416897774
120.9	30.3	2.99963521957
121.2	30.3	2.97610831261
121.5	30.3	2.98829603195
121.8	30.3	3.0380423069
122.1	30.3	3.07615756989
122.4	30.3	3.05060863495
115.5	30	3.00003314018
115.8	30	2.9997344017
116.1	30	2.99891972542
116.4	30	2.99845409393
116.7	30	3.00116157532
117	30	3.01154446602
117.3	30	3.03495430946
117.6	30	3.07403755188
117.9	30	3.11580300331
118.2	30	3.11517810822
118.5	30	3.06733369827
118.8	30	3.06772875786
119.1	30	3.12547373772
119.4	30	3.14806771278
119.7	30	3.1360373497
120	30	3.1292078495
120.3	30	3.12165760994
120.6	30	3.1085062027
120.9	30	3.0694861412
121.2	30	3.0564763546
121.5	30	3.08143019676
121.8	30	3.10231757164
122.1	30	3.09418559074
122.4	30	3.04844260216
115.5	29.7	3.0000462532
115.8	29.7	3.00004482269
116.1	29.7	2.99970912933
116.4	29.7	2.99890565872
116.7	29.7	2.99843049049
117	29.7	3.00051903725
117.3	29.7	3.00940060616
117.6	29.7	3.03137564659
117.9	29.7	3.0655670166
118.2	29.7	3.086353302
118.5	29.7	3.08565545082
118.8	29.7	3.10890030861
119.1	29.7	3.14558076859
119.4	29.7	3.15060162544
119.7	29.7	3.1305270195
120	29.7	3.12574243546
120.3	29.7	3.14412617683
120.6	29.7	3.13330054283
120.9	29.7	3.10617518425
121.2	29.7	3.12510204315
121.5	29.7	3.14665198326
121.8	29.7	3.12942504883
122.1	29.7	3.0810341835
122.4	29.7	3.02883124352
115.5	29.4	3.00000596046
115.8	29.4	3.00005555153
116.1	29.4	3.00004959106
116.4	29.4	2.99973082542
116.7	29.4	2.9989528656
117	29.4	2.99800086021
117.3	29.4	2.99871706963
117.6	29.4	3.00778532028
117.9	29.4	3.03708481789
118.2	29.4	3.08998298645
118.5	29.4	3.1450881958
118.8	29.4	3.16851735115
119.1	29.4	3.15301680565
119.4	29.4	3.13028001785
119.7	29.4	3.12297177315
120	29.4	3.1289896965
120.3	29.4	3.14845466614
120.6	29.4	3.13927602768
120.9	29.4	3.1205573082
121.2	29.4	3.1436419487
121.5	29.4	3.14881110191
121.8	29.4	3.10660243034
122.1	29.4	3.04844498634
122.4	29.4	3.0095641613
115.5	29.1	2.99999570847
115.8	29.1	3.00000762939
116.1	29.1	3.00005698204
116.4	29.1	3.00006103516
116.7	29.1	2.99981594086
117	29.1	2.99895572662
117.3	29.1	2.99733972549
117.6	29.1	2.99845480919
117.9	29.1	3.01541233063
118.2	29.1	3.06594657898
118.5	29.1	3.13659310341
118.8	29.1	3.16683936119
119.1	29.1	3.13791012764
119.4	29.1	3.12173604965
119.7	29.1	3.14170050621
120	29.1	3.14561414719
120.3	29.1	3.14596867561
120.6	29.1	3.14029884338
120.9	29.1	3.13146209717
121.2	29.1	3.14112758636
121.5	29.1	3.12262177467
121.8	29.1	3.06762599945
122.1	29.1	3.01951408386
122.4	29.1	2.99927783012
115.5	28.8	2.99999928474
115.8	28.8	2.99999547005
116.1	28.8	3.00000667572
116.4	28.8	3.00005269051
116.7	28.8	3.00009799004
117	28.8	2.99991106987
117.3	28.8	2.99872899055
117.6	28.8	2.99669957161
117.9	28.8	3.00082087517
118.2	28.8	3.0282971859
118.5	28.8	3.08473706245
118.8	28.8	3.12978196144
119.1	28.8	3.13417935371
119.4	28.8	3.15162181854
119.7	28.8	3.17667484283
120	28.8	3.15400075912
120.3	28.8	3.13336205482
120.6	28.8	3.13653326035
120.9	28.8	3.14189600945
121.2	28.8	3.13713216782
121.5	28.8	3.0941131115
121.8	28.8	3.03517413139
122.1	28.8	3.00302004814
122.4	28.8	2.99658489227
115.5	28.5	3.00000023842
115.8	28.5	2.99999952316
116.1	28.5	2.99999523163
116.4	28.5	3.00000190735
116.7	28.5	3.00005078316
117	28.5	3.00014662743
117.3	28.5	2.99986577034
117.6	28.5	2.9980738163
117.9	28.5	2.99619746208
118.2	28.5	3.005392313
118.5	28.5	3.04214572906
118.8	28.5	3.09651017189
119.1	28.5	3.14131832123
119.4	28.5	3.17984461784
119.7	28.5	3.18258428574
120	28.5	3.1371922493
120.3	28.5	3.11780595779
120.6	28.5	3.14133358002
120.9	28.5	3.16473650932
121.2	28.5	3.14530658722
121.5	28.5	3.07651805878
121.8	28.5	3.01617217064
122.1	28.5	2.99653959274
122.4	28.5	2.99714612961
115.5	28.2	3
115.8	28.2	3.00000023842
116.1	28.2	2.99999952316
116.4	28.2	2.99999523163
116.7	28.2	2.99999713898
117	28.2	3.00007081032
117.3	28.2	3.00018262863
117.6	28.2	2.99943041801
117.9	28.2	2.99671840668
118.2	28.2	2.9977016449
118.5	28.2	3.02126526833
118.8	28.2	3.078789711
119.1	28.2	3.14427685738
119.4	28.2	3.17506742477
119.7	28.2	3.14922428131
120	28.2	3.10229158401
120.3	28.2	3.10079050064
120.6	28.2	3.14709043503
120.9	28.2	3.19053721428
121.2	28.2	3.16073036194
121.5	28.2	3.07024145126
121.8	28.2	3.00864267349
122.1	28.2	2.99536204338
122.4	28.2	2.99821019173
115.5	27.9	3
115.8	27.9	3
116.1	27.9	3.00000023842
116.4	27.9	2.99999952316
116.7	27.9	2.99999427795
117	27.9	3.00000810623
117.3	27.9	3.00011825562
117.6	27.9	2.99993896484
117.9	27.9	2.99818181992
118.2	27.9	2.99764060974
118.5	27.9	3.0151412487
118.8	27.9	3.06927728653
119.1	27.9	3.1325199604
119.4	27.9	3.14326143265
119.7	27.9	3.10112047195
120	27.9	3.06459569931
120.3	27.9	3.07547569275
120.6	27.9	3.13073587418
120.9	27.9	3.18682932854
121.2	27.9	3.15820837021
121.5	27.9	3.06381917
121.8	27.9	3.00635528564
122.1	27.9	2.9962105751
122.4	27.9	2.99892568588
115.5	27.6	3
115.8	27.6	3
116.1	27.6	3
116.4	27.6	3
116.7	27.6	2.99999904633
117	27.6	2.9999973774
117.3	27.6	3.00004434586
117.6	27.6	3.00001096725
117.9	27.6	2.99907469749
118.2	27.6	2.99851536751
118.5	27.6	3.0100543499
118.8	27.6	3.0497148037
119.1	27.6	3.09416007996
119.4	27.6	3.09208583832
119.7	27.6	3.05433535576
120	27.6	3.03109574318
120.3	27.6	3.04275822639
120.6	27.6	3.08872675896
120.9	27.6	3.14007353783
121.2	27.6	3.12090206146
121.5	27.6	3.04663085938
121.8	27.6	3.0038022995
122.1	27.6	2.99734926224
122.4	27.6	2.99937534332
115.5	27.3	3
115.8	27.3	3
116.1	27.3	3
116.4	27.3	3
116.7	27.3	2.99999928474
117	27.3	3.00000095367
117.3	27.3	3.00001955032
117.6	27.3	3.00002908707
117.9	27.3	2.99949121475
118.2	27.3	2.99843382835
118.5	27.3	3.00267004967
118.8	27.3	3.02107548714
119.1	27.3	3.04158830643
119.4	27.3	3.03715586662
119.7	27.3	3.01746296883
120	27.3	3.00743889809
120.3	27.3	3.01451444626
120.6	27.3	3.03997397423
120.9	27.3	3.071393013
121.2	27.3	3.06245970726
121.5	27.3	3.02185225487
121.8	27.3	3.00008130074
122.1	27.3	2.99809670448
122.4	27.3	2.99972248077
