115.5	34.8	3.81498384476
115.8	34.8	3.81531238556
116.1	34.8	3.81520867348
116.4	34.8	3.81025862694
116.7	34.8	3.7958958149
117	34.8	3.78380489349
117.3	34.8	3.78743648529
117.6	34.8	3.7952902317
117.9	34.8	3.79445242882
118.2	34.8	3.78230953217
118.5	34.8	3.77962684631
118.8	34.8	3.79708528519
119.1	34.8	3.81559991837
119.4	34.8	3.81478762627
119.7	34.8	3.81186628342
120	34.8	3.81417298317
120.3	34.8	3.8153488636
120.6	34.8	3.8152012825
120.9	34.8	3.81497955322
121.2	34.8	3.81501531601
121.5	34.8	3.81502223015
121.8	34.8	3.81499958038
122.1	34.8	3.81499767303
122.4	34.8	3.81500029564
115.5	34.5	3.81505775452
115.8	34.5	3.81546735764
116.1	34.5	3.81501150131
116.4	34.5	3.80707454681
116.7	34.5	3.78621053696
117	34.5	3.7699303627
117.3	34.5	3.77510023117
117.6	34.5	3.78910636902
117.9	34.5	3.79069495201
118.2	34.5	3.76437616348
118.5	34.5	3.74867916107
118.8	34.5	3.77497696877
119.1	34.5	3.80571699142
119.4	34.5	3.80049920082
119.7	34.5	3.79755568504
120	34.5	3.8061439991
120.3	34.5	3.81296658516
120.6	34.5	3.8149805069
120.9	34.5	3.81474947929
121.2	34.5	3.81486344337
121.5	34.5	3.81505966187
121.8	34.5	3.81502819061
122.1	34.5	3.81499576569
122.4	34.5	3.81499838829
115.5	34.2	3.81509041786
115.8	34.2	3.81545805931
116.1	34.2	3.81456756592
116.4	34.2	3.80449318886
116.7	34.2	3.77970337868
117	34.2	3.76104831696
117.3	34.2	3.76495289803
117.6	34.2	3.78286170959
117.9	34.2	3.79403614998
118.2	34.2	3.76819062233
118.5	34.2	3.74391412735
118.8	34.2	3.76629853249
119.1	34.2	3.79095888138
119.4	34.2	3.77473402023
119.7	34.2	3.77321910858
120	34.2	3.7902097702
120.3	34.2	3.80731725693
120.6	34.2	3.81500029564
120.9	34.2	3.8145430088
121.2	34.2	3.8142516613
121.5	34.2	3.81489539146
121.8	34.2	3.81510138512
122.1	34.2	3.81502318382
122.4	34.2	3.81499433517
115.5	33.9	3.81502461433
115.8	33.9	3.81529450417
116.1	33.9	3.81457519531
116.4	33.9	3.80508375168
116.7	33.9	3.78032922745
117	33.9	3.7598991394
117.3	33.9	3.75735640526
117.6	33.9	3.76563000679
117.9	33.9	3.77405714989
118.2	33.9	3.76282024384
118.5	33.9	3.75940322876
118.8	33.9	3.78243684769
119.1	33.9	3.78728890419
119.4	33.9	3.75992536545
119.7	33.9	3.75925970078
120	33.9	3.78078365326
120.3	33.9	3.80828475952
120.6	33.9	3.82179927826
120.9	33.9	3.81740164757
121.2	33.9	3.81348490715
121.5	33.9	3.81409025192
121.8	33.9	3.8149971962
122.1	33.9	3.81509852409
122.4	33.9	3.8150165081
115.5	33.6	3.81488060951
115.8	33.6	3.81532549858
116.1	33.6	3.81662416458
116.4	33.6	3.81313300133
116.7	33.6	3.79688358307
117	33.6	3.78071331978
117.3	33.6	3.77226090431
117.6	33.6	3.75864624977
117.9	33.6	3.73645591736
118.2	33.6	3.72197294235
118.5	33.6	3.75089478493
118.8	33.6	3.79077219963
119.1	33.6	3.78394508362
119.4	33.6	3.7536342144
119.7	33.6	3.76248884201
120	33.6	3.79450368881
120.3	33.6	3.8315551281
120.6	33.6	3.84691596031
120.9	33.6	3.830078125
121.2	33.6	3.81470727921
121.5	33.6	3.81259346008
121.8	33.6	3.81421065331
122.1	33.6	3.81500148773
122.4	33.6	3.81507468224
115.5	33.3	3.81479668617
115.8	33.3	3.81580305099
116.1	33.3	3.82045936584
116.4	33.3	3.82595729828
116.7	33.3	3.82281756401
117	33.3	3.81752276421
117.3	33.3	3.81199598312
117.6	33.3	3.78807401657
117.9	33.3	3.74257349968
118.2	33.3	3.71170687675
118.5	33.3	3.73644375801
118.8	33.3	3.76192069054
119.1	33.3	3.73700642586
119.4	33.3	3.71063303947
119.7	33.3	3.75446367264
120	33.3	3.8233757019
120.3	33.3	3.87560200691
120.6	33.3	3.89120674133
120.9	33.3	3.85556578636
121.2	33.3	3.82126784325
121.5	33.3	3.81267619133
121.8	33.3	3.813113451
122.1	33.3	3.81430983543
122.4	33.3	3.81498813629
115.5	33	3.81495332718
115.8	33	3.81661319733
116.1	33	3.82360696793
116.4	33	3.83450961113
116.7	33	3.83808302879
117	33	3.83753323555
117.3	33	3.83761668205
117.6	33	3.8215816021
117.9	33	3.79018044472
118.2	33	3.77453112602
118.5	33	3.77522945404
118.8	33	3.73952102661
119.1	33	3.6694149971
119.4	33	3.64596509933
119.7	33	3.73910307884
120	33	3.85284137726
120.3	33	3.91425895691
120.6	33	3.92394900322
120.9	33	3.87729287148
121.2	33	3.83461332321
121.5	33	3.82221746445
121.8	33	3.81589317322
122.1	33	3.81355142593
122.4	33	3.81443333626
115.5	32.7	3.81532883644
115.8	32.7	3.81694340706
116.1	32.7	3.82377314568
116.4	32.7	3.8347902298
116.7	32.7	3.83760333061
117	32.7	3.83623933792
117.3	32.7	3.84075284004
117.6	32.7	3.82630205154
117.9	32.7	3.79819869995
118.2	32.7	3.79744172096
118.5	32.7	3.80017948151
118.8	32.7	3.75581884384
119.1	32.7	3.67577028275
119.4	32.7	3.65169453621
119.7	32.7	3.76758575439
120	32.7	3.89596152306
120.3	32.7	3.92298412323
120.6	32.7	3.89871001244
120.9	32.7	3.86493897438
121.2	32.7	3.85584497452
121.5	32.7	3.85341906548
121.8	32.7	3.83069038391
122.1	32.7	3.81535673141
122.4	32.7	3.81359267235
115.5	32.4	3.81489396095
115.8	32.4	3.81397414207
116.1	32.4	3.81772851944
116.4	32.4	3.82785129547
116.7	32.4	3.8269610405
117	32.4	3.81302070618
117.3	32.4	3.81120491028
117.6	32.4	3.80334472656
117.9	32.4	3.77395701408
118.2	32.4	3.75659132004
118.5	32.4	3.75771141052
118.8	32.4	3.75954699516
119.1	32.4	3.73186373711
119.4	32.4	3.72130680084
119.7	32.4	3.82478308678
120	32.4	3.93729901314
120.3	32.4	3.91355729103
120.6	32.4	3.84049201012
120.9	32.4	3.83460903168
121.2	32.4	3.88670635223
121.5	32.4	3.89974188805
121.8	32.4	3.85505628586
122.1	32.4	3.82146573067
122.4	32.4	3.81362223625
115.5	32.1	3.81216835976
115.8	32.1	3.80469703674
116.1	32.1	3.80347371101
116.4	32.1	3.82015037537
116.7	32.1	3.82655858994
117	32.1	3.79887270927
117.3	32.1	3.77210092545
117.6	32.1	3.76508665085
117.9	32.1	3.75091910362
118.2	32.1	3.73382544518
118.5	32.1	3.72739958763
118.8	32.1	3.73458433151
119.1	32.1	3.73718976974
119.4	32.1	3.75141382217
119.7	32.1	3.82257175446
120	32.1	3.89483189583
120.3	32.1	3.86376643181
120.6	32.1	3.80530667305
120.9	32.1	3.82281064987
121.2	32.1	3.88463640213
121.5	32.1	3.89986515045
121.8	32.1	3.86232256889
122.1	32.1	3.82849478722
122.4	32.1	3.81582903862
115.5	31.8	3.80897212029
115.8	31.8	3.79464483261
116.1	31.8	3.78868675232
116.4	31.8	3.8137614727
116.7	31.8	3.83985495567
117	31.8	3.82122969627
117.3	31.8	3.77678108215
117.6	31.8	3.75914621353
117.9	31.8	3.76214671135
118.2	31.8	3.77182006836
118.5	31.8	3.77957057953
118.8	31.8	3.77111792564
119.1	31.8	3.76475119591
119.4	31.8	3.78286647797
119.7	31.8	3.80453205109
120	31.8	3.8095998764
120.3	31.8	3.78464126587
120.6	31.8	3.7808535099
120.9	31.8	3.8018913269
121.2	31.8	3.81733441353
121.5	31.8	3.84026408195
121.8	31.8	3.85286712646
122.1	31.8	3.83703637123
122.4	31.8	3.82030773163
115.5	31.5	3.80949282646
115.8	31.5	3.79422020912
116.1	31.5	3.78111672401
116.4	31.5	3.79503178596
116.7	31.5	3.82996320724
117	31.5	3.84611845016
117.3	31.5	3.82454037666
117.6	31.5	3.80563688278
117.9	31.5	3.80722475052
118.2	31.5	3.81939959526
118.5	31.5	3.82908439636
118.8	31.5	3.80913996696
119.1	31.5	3.80375146866
119.4	31.5	3.82834863663
119.7	31.5	3.81457948685
120	31.5	3.76967120171
120.3	31.5	3.75233626366
120.6	31.5	3.77733397484
120.9	31.5	3.77516031265
121.2	31.5	3.7462515831
121.5	31.5	3.78382468224
121.8	31.5	3.83848118782
122.1	31.5	3.83540511131
122.4	31.5	3.81824374199
115.5	31.2	3.81301355362
115.8	31.2	3.80298686028
116.1	31.2	3.78628468513
116.4	31.2	3.77938818932
116.7	31.2	3.80188775063
117	31.2	3.83676791191
117.3	31.2	3.83879899979
117.6	31.2	3.82440900803
117.9	31.2	3.82588553429
118.2	31.2	3.83860397339
118.5	31.2	3.84521460533
118.8	31.2	3.81725239754
119.1	31.2	3.82422447205
119.4	31.2	3.86159014702
119.7	31.2	3.8322789669
120	31.2	3.77857613564
120.3	31.2	3.78920221329
120.6	31.2	3.8183298111
120.9	31.2	3.78863835335
121.2	31.2	3.7486436367
121.5	31.2	3.78773236275
121.8	31.2	3.83203101158
122.1	31.2	3.81658697128
122.4	31.2	3.80199670792
115.5	30.9	3.81541252136
115.8	30.9	3.81168723106
116.1	30.9	3.80068397522
116.4	30.9	3.78863501549
116.7	30.9	3.79625701904
117	30.9	3.8195745945
117.3	30.9	3.8177857399
117.6	30.9	3.80901670456
117.9	30.9	3.83065247536
118.2	30.9	3.87083101273
118.5	30.9	3.88749456406
118.8	30.9	3.84854960442
119.1	30.9	3.84456539154
119.4	30.9	3.86921668053
119.7	30.9	3.82469534874
120	30.9	3.77736759186
120.3	30.9	3.81242990494
120.6	30.9	3.84054994583
120.9	30.9	3.81120538712
121.2	30.9	3.80017280579
121.5	30.9	3.83705615997
121.8	30.9	3.84497404099
122.1	30.9	3.80541777611
122.4	30.9	3.78830051422
115.5	30.6	3.81567764282
115.8	30.6	3.81548786163
116.1	30.6	3.81193614006
116.4	30.6	3.8064262867
116.7	30.6	3.80970096588
117	30.6	3.82080554962
117.3	30.6	3.81775093079
117.6	30.6	3.82167601585
117.9	30.6	3.85758662224
118.2	30.6	3.9025888443
118.5	30.6	3.8987429142
118.8	30.6	3.83244514465
119.1	30.6	3.811170578
119.4	30.6	3.82605814934
119.7	30.6	3.79238581657
120	30.6	3.76721262932
120.3	30.6	3.79910993576
120.6	30.6	3.80744457245
120.9	30.6	3.80397439003
121.2	30.6	3.84855794907
121.5	30.6	3.87212824821
121.8	30.6	3.84501624107
122.1	30.6	3.80924582481
122.4	30.6	3.79600858688
115.5	30.3	3.81522059441
115.8	30.3	3.81563878059
116.1	30.3	3.8154156208
116.4	30.3	3.8143658638
116.7	30.3	3.81589484215
117	30.3	3.81806898117
117.3	30.3	3.81257128716
117.6	30.3	3.81445193291
117.9	30.3	3.83434033394
118.2	30.3	3.84436368942
118.5	30.3	3.79219412804
118.8	30.3	3.71355748177
119.1	30.3	3.72375154495
119.4	30.3	3.77282333374
119.7	30.3	3.78057456017
120	30.3	3.79748797417
120.3	30.3	3.82473182678
120.6	30.3	3.79941034317
120.9	30.3	3.81409454346
121.2	30.3	3.88982534409
121.5	30.3	3.86211967468
121.8	30.3	3.79951667786
122.1	30.3	3.80307030678
122.4	30.3	3.81363463402
115.5	30	3.81498861313
115.8	30	3.81514954567
116.1	30	3.81535363197
116.4	30	3.81543660164
116.7	30	3.81578564644
117	30	3.81405854225
117.3	30	3.80541825294
117.6	30	3.79544425011
117.9	30	3.78836512566
118.2	30	3.76214337349
118.5	30	3.69410967827
118.8	30	3.66262412071
119.1	30	3.73821282387
119.4	30	3.80369973183
119.7	30	3.80521774292
120	30	3.83596587181
120.3	30	3.86467313766
120.6	30	3.81181883812
120.9	30	3.8112308979
121.2	30	3.87545657158
121.5	30	3.82747650146
121.8	30	3.77613329887
122.1	30	3.81018400192
122.4	30	3.82850265503
115.5	29.7	3.81497788429
115.8	29.7	3.81498503685
116.1	29.7	3.81503510475
116.4	29.7	3.8151216507
116.7	29.7	3.81526780128
117	29.7	3.81423091888
117.3	29.7	3.80879664421
117.6	29.7	3.79819250107
117.9	29.7	3.78365683556
118.2	29.7	3.76265788078
118.5	29.7	3.74389982224
118.8	29.7	3.77700090408
119.1	29.7	3.85149121284
119.4	29.7	3.85788297653
119.7	29.7	3.83959841728
120	29.7	3.8912217617
120.3	29.7	3.90857291222
120.6	29.7	3.81775045395
120.9	29.7	3.77941823006
121.2	29.7	3.81775736809
121.5	29.7	3.80002570152
121.8	29.7	3.7946267128
122.1	29.7	3.82890868187
122.4	29.7	3.8333799839
115.5	29.4	3.81499791145
115.8	29.4	3.81498837471
116.1	29.4	3.81498026848
116.4	29.4	3.81498289108
116.7	29.4	3.81511855125
117	29.4	3.81520152092
117.3	29.4	3.81394934654
117.6	29.4	3.81013298035
117.9	29.4	3.80658364296
118.2	29.4	3.81544566154
118.5	29.4	3.84807157516
118.8	29.4	3.89812469482
119.1	29.4	3.90980696678
119.4	29.4	3.87125396729
119.7	29.4	3.89623379707
120	29.4	3.96166348457
120.3	29.4	3.93313312531
120.6	29.4	3.8276591301
120.9	29.4	3.78264355659
121.2	29.4	3.80035233498
121.5	29.4	3.8137948513
121.8	29.4	3.82768988609
122.1	29.4	3.83649134636
122.4	29.4	3.82742071152
115.5	29.1	3.81500124931
115.8	29.1	3.81500053406
116.1	29.1	3.81499528885
116.4	29.1	3.8149805069
116.7	29.1	3.81501865387
117	29.1	3.81524801254
117.3	29.1	3.8154668808
117.6	29.1	3.81538653374
117.9	29.1	3.8185634613
118.2	29.1	3.83766222
118.5	29.1	3.88051581383
118.8	29.1	3.91313529015
119.1	29.1	3.88923311234
119.4	29.1	3.89225912094
119.7	29.1	3.96936821938
120	29.1	3.97114562988
120.3	29.1	3.88357186317
120.6	29.1	3.82148218155
120.9	29.1	3.80777549744
121.2	29.1	3.8153693676
121.5	29.1	3.85218644142
121.8	29.1	3.8591837883
122.1	29.1	3.83723688126
122.4	29.1	3.82032370567
115.5	28.8	3.81500005722
115.8	28.8	3.81500077248
116.1	28.8	3.81500148773
116.4	28.8	3.81499409676
116.7	28.8	3.81497955322
117	28.8	3.81502580643
117.3	28.8	3.81515455246
117.6	28.8	3.81532263756
117.9	28.8	3.81742835045
118.2	28.8	3.8291926384
118.5	28.8	3.85619783401
118.8	28.8	3.87373828888
119.1	28.8	3.87813854218
119.4	28.8	3.95066666603
119.7	28.8	4.00167036057
120	28.8	3.902987957
120.3	28.8	3.80279588699
120.6	28.8	3.81581306458
120.9	28.8	3.82467246056
121.2	28.8	3.81626701355
121.5	28.8	3.86593985558
121.8	28.8	3.86678218842
122.1	28.8	3.83280587196
122.4	28.8	3.81619119644
115.5	28.5	3.81500005722
115.8	28.5	3.8149998188
116.1	28.5	3.81500124931
116.4	28.5	3.81500124931
116.7	28.5	3.8149907589
117	28.5	3.81497383118
117.3	28.5	3.81495261192
117.6	28.5	3.81477355957
117.9	28.5	3.81474781036
118.2	28.5	3.81890439987
118.5	28.5	3.83378338814
118.8	28.5	3.85688853264
119.1	28.5	3.90216684341
119.4	28.5	3.97587943077
119.7	28.5	3.95235347748
120	28.5	3.82241201401
120.3	28.5	3.77227783203
120.6	28.5	3.84811306
120.9	28.5	3.85122418404
121.2	28.5	3.81353449821
121.5	28.5	3.8544485569
121.8	28.5	3.85290431976
122.1	28.5	3.82500839233
122.4	28.5	3.81433057785
115.5	28.2	3.81500005722
115.8	28.2	3.81500005722
116.1	28.2	3.8149998188
116.4	28.2	3.81500172615
116.7	28.2	3.81500053406
117	28.2	3.81499671936
117.3	28.2	3.81498479843
117.6	28.2	3.81474089622
117.9	28.2	3.81394457817
118.2	28.2	3.81510949135
118.5	28.2	3.82826328278
118.8	28.2	3.86395597458
119.1	28.2	3.91590237617
119.4	28.2	3.9354197979
119.7	28.2	3.87009334564
120	28.2	3.78454136848
120.3	28.2	3.79211115837
120.6	28.2	3.88327455521
120.9	28.2	3.86795306206
121.2	28.2	3.81404232979
121.5	28.2	3.83903551102
121.8	28.2	3.83603549004
122.1	28.2	3.81893277168
122.4	28.2	3.81395626068
115.5	27.9	3.81500005722
115.8	27.9	3.81500005722
116.1	27.9	3.8149998188
116.4	27.9	3.8149998188
116.7	27.9	3.81500220299
117	27.9	3.81500554085
117.3	27.9	3.81501173973
117.6	27.9	3.81484985352
117.9	27.9	3.81406760216
118.2	27.9	3.81478762627
118.5	27.9	3.8273422718
118.8	27.9	3.86292743683
119.1	27.9	3.89664554596
119.4	27.9	3.8790769577
119.7	27.9	3.82226037979
120	27.9	3.78680801392
120.3	27.9	3.81115221977
120.6	27.9	3.86819458008
120.9	27.9	3.83957839012
121.2	27.9	3.80126953125
121.5	27.9	3.8234436512
121.8	27.9	3.82397866249
122.1	27.9	3.81603384018
122.4	27.9	3.81430196762
115.5	27.6	3.81500005722
115.8	27.6	3.81500005722
116.1	27.6	3.81500005722
116.4	27.6	3.8149998188
116.7	27.6	3.81500005722
117	27.6	3.81500554085
117.3	27.6	3.81502079964
117.6	27.6	3.8149266243
117.9	27.6	3.8143465519
118.2	27.6	3.81447839737
118.5	27.6	3.82283496857
118.8	27.6	3.8465795517
119.1	27.6	3.86263751984
119.4	27.6	3.84222817421
119.7	27.6	3.81110167503
120	27.6	3.80073332787
120.3	27.6	3.813829422
120.6	27.6	3.82919716835
120.9	27.6	3.8016564846
121.2	27.6	3.78872013092
121.5	27.6	3.81193041801
121.8	27.6	3.81727433205
122.1	27.6	3.81506681442
122.4	27.6	3.8147008419
115.5	27.3	3.81500005722
115.8	27.3	3.81500005722
116.1	27.3	3.81500005722
116.4	27.3	3.81500005722
116.7	27.3	3.81499934196
117	27.3	3.81500220299
117.3	27.3	3.81501865387
117.6	27.3	3.81500196457
117.9	27.3	3.81460547447
118.2	27.3	3.81404304504
118.5	27.3	3.81704449654
118.8	27.3	3.8274037838
119.1	27.3	3.83361101151
119.4	27.3	3.82322692871
119.7	27.3	3.81180930138
120	27.3	3.81021332741
120.3	27.3	3.81409144402
120.6	27.3	3.81338047981
120.9	27.3	3.79772591591
121.2	27.3	3.79614925385
121.5	27.3	3.81103301048
121.8	27.3	3.81541252136
122.1	27.3	3.81498599052
122.4	27.3	3.81493020058
