115.5	34.8	3.26754665375
115.8	34.8	3.26896500587
116.1	34.8	3.26775550842
116.4	34.8	3.2494366169
116.7	34.8	3.20115017891
117	34.8	3.16643166542
117.3	34.8	3.19579911232
117.6	34.8	3.23575115204
117.9	34.8	3.25117707253
118.2	34.8	3.25495409966
118.5	34.8	3.27070784569
118.8	34.8	3.30212807655
119.1	34.8	3.31922411919
119.4	34.8	3.29699873924
119.7	34.8	3.27181911469
120	34.8	3.26665997505
120.3	34.8	3.26847219467
120.6	34.8	3.26899456978
120.9	34.8	3.26836562157
121.2	34.8	3.26793718338
121.5	34.8	3.26793766022
121.8	34.8	3.26799941063
122.1	34.8	3.26800346375
122.4	34.8	3.26800012589
115.5	34.5	3.26813316345
115.8	34.5	3.26909804344
116.1	34.5	3.26613211632
116.4	34.5	3.24119353294
116.7	34.5	3.18190145493
117	34.5	3.14266061783
117.3	34.5	3.18116426468
117.6	34.5	3.2344789505
117.9	34.5	3.25237846375
118.2	34.5	3.24815201759
118.5	34.5	3.26419377327
118.8	34.5	3.31284022331
119.1	34.5	3.34455609322
119.4	34.5	3.31248283386
119.7	34.5	3.27023983002
120	34.5	3.25968313217
120.3	34.5	3.26449084282
120.6	34.5	3.26894903183
120.9	34.5	3.26941561699
121.2	34.5	3.26834702492
121.5	34.5	3.26788115501
121.8	34.5	3.26794457436
122.1	34.5	3.26799964905
122.4	34.5	3.26800274849
115.5	34.2	3.26830601692
115.8	34.2	3.26872825623
116.1	34.2	3.2652220726
116.4	34.2	3.24401187897
116.7	34.2	3.19953989983
117	34.2	3.17396235466
117.3	34.2	3.20616745949
117.6	34.2	3.25298404694
117.9	34.2	3.26902461052
118.2	34.2	3.25399804115
118.5	34.2	3.25579118729
118.8	34.2	3.30215263367
119.1	34.2	3.33422636986
119.4	34.2	3.2949719429
119.7	34.2	3.24530816078
120	34.2	3.23410010338
120.3	34.2	3.24668097496
120.6	34.2	3.26295852661
120.9	34.2	3.27005410194
121.2	34.2	3.26971030235
121.5	34.2	3.26821541786
121.8	34.2	3.26788902283
122.1	34.2	3.26795935631
122.4	34.2	3.26799511909
115.5	33.9	3.26820492744
115.8	33.9	3.26810193062
116.1	33.9	3.26525878906
116.4	33.9	3.25419855118
116.7	33.9	3.2349023819
117	33.9	3.22423434258
117.3	33.9	3.23932337761
117.6	33.9	3.26586461067
117.9	33.9	3.27604222298
118.2	33.9	3.26002621651
118.5	33.9	3.25079226494
118.8	33.9	3.27594304085
119.1	33.9	3.28309845924
119.4	33.9	3.23295593262
119.7	33.9	3.18816018105
120	33.9	3.18766641617
120.3	33.9	3.21138978004
120.6	33.9	3.2439084053
120.9	33.9	3.26552867889
121.2	33.9	3.2712905407
121.5	33.9	3.26945996284
121.8	33.9	3.26814603806
122.1	33.9	3.26797389984
122.4	33.9	3.26796746254
115.5	33.6	3.26812171936
115.8	33.6	3.26750993729
116.1	33.6	3.26567482948
116.4	33.6	3.26495742798
116.7	33.6	3.26652026176
117	33.6	3.26533389091
117.3	33.6	3.26759886742
117.6	33.6	3.27115702629
117.9	33.6	3.26176905632
118.2	33.6	3.24947524071
118.5	33.6	3.25134301186
118.8	33.6	3.25011706352
119.1	33.6	3.21228551865
119.4	33.6	3.14983415604
119.7	33.6	3.12134861946
120	33.6	3.14369177818
120.3	33.6	3.17252135277
120.6	33.6	3.20626354218
120.9	33.6	3.24489331245
121.2	33.6	3.2679464817
121.5	33.6	3.27058672905
121.8	33.6	3.26872420311
122.1	33.6	3.26822948456
122.4	33.6	3.26803088188
115.5	33.3	3.26800298691
115.8	33.3	3.26637005806
116.1	33.3	3.2640106678
116.4	33.3	3.26923394203
116.7	33.3	3.28460621834
117	33.3	3.29717230797
117.3	33.3	3.30290722847
117.6	33.3	3.29168081284
117.9	33.3	3.26123118401
118.2	33.3	3.25087046623
118.5	33.3	3.26909542084
118.8	33.3	3.23631215096
119.1	33.3	3.14648008347
119.4	33.3	3.07734084129
119.7	33.3	3.07021450996
120	33.3	3.11527633667
120.3	33.3	3.13850069046
120.6	33.3	3.14511108398
120.9	33.3	3.19539260864
121.2	33.3	3.25208473206
121.5	33.3	3.26807355881
121.8	33.3	3.26795339584
122.1	33.3	3.2683031559
122.4	33.3	3.26828193665
115.5	33	3.26761484146
115.8	33	3.26421451569
116.1	33	3.25968265533
116.4	33	3.26554942131
116.7	33	3.28510904312
117	33	3.3081073761
117.3	33	3.32507872581
117.6	33	3.31646847725
117.9	33	3.29098105431
118.2	33	3.28943681717
118.5	33	3.30286979675
118.8	33	3.24366569519
119.1	33	3.12702035904
119.4	33	3.05435752869
119.7	33	3.04494023323
120	33	3.08593535423
120.3	33	3.10093593597
120.6	33	3.06899356842
120.9	33	3.12713932991
121.2	33	3.23246264458
121.5	33	3.26292538643
121.8	33	3.26342821121
122.1	33	3.26675319672
122.4	33	3.26828336716
115.5	32.7	3.26698422432
115.8	32.7	3.26240801811
116.1	32.7	3.25859332085
116.4	32.7	3.26707911491
116.7	32.7	3.28136491776
117	32.7	3.28989219666
117.3	32.7	3.29865193367
117.6	32.7	3.30128216743
117.9	32.7	3.29921483994
118.2	32.7	3.30224227905
118.5	32.7	3.29431414604
118.8	32.7	3.24612832069
119.1	32.7	3.16958975792
119.4	32.7	3.12523460388
119.7	32.7	3.09428906441
120	32.7	3.08830666542
120.3	32.7	3.08166742325
120.6	32.7	3.01638650894
120.9	32.7	3.0949242115
121.2	32.7	3.25386929512
121.5	32.7	3.27327060699
121.8	32.7	3.25848889351
122.1	32.7	3.26351594925
122.4	32.7	3.2674138546
115.5	32.4	3.26621460915
115.8	32.4	3.26183152199
116.1	32.4	3.2636256218
116.4	32.4	3.28116488457
116.7	32.4	3.28863453865
117	32.4	3.26127147675
117.3	32.4	3.24180436134
117.6	32.4	3.26666331291
117.9	32.4	3.30047011375
118.2	32.4	3.30238628387
118.5	32.4	3.26776790619
118.8	32.4	3.23860406876
119.1	32.4	3.21601176262
119.4	32.4	3.21274828911
119.7	32.4	3.17647099495
120	32.4	3.11994576454
120.3	32.4	3.07953071594
120.6	32.4	3.00654983521
120.9	32.4	3.13995218277
121.2	32.4	3.34099173546
121.5	32.4	3.3135869503
121.8	32.4	3.26394343376
122.1	32.4	3.26328706741
122.4	32.4	3.26668977737
115.5	32.1	3.26553869247
115.8	32.1	3.26193857193
116.1	32.1	3.27062010765
116.4	32.1	3.30046868324
116.7	32.1	3.30630683899
117	32.1	3.24042129517
117.3	32.1	3.184933424
117.6	32.1	3.23020863533
117.9	32.1	3.29640626907
118.2	32.1	3.30230021477
118.5	32.1	3.26330733299
118.8	32.1	3.24366164207
119.1	32.1	3.23711705208
119.4	32.1	3.23801207542
119.7	32.1	3.21338486671
120	32.1	3.17384028435
120.3	32.1	3.15620923042
120.6	32.1	3.11761045456
120.9	32.1	3.23228025436
121.2	32.1	3.37600684166
121.5	32.1	3.32749557495
121.8	32.1	3.2778711319
122.1	32.1	3.27107810974
122.4	32.1	3.26811885834
115.5	31.8	3.26552867889
115.8	31.8	3.2622051239
116.1	31.8	3.27182292938
116.4	31.8	3.30605864525
116.7	31.8	3.3209168911
117	31.8	3.25588178635
117.3	31.8	3.18587303162
117.6	31.8	3.21794104576
117.9	31.8	3.27489376068
118.2	31.8	3.27852344513
118.5	31.8	3.26023364067
118.8	31.8	3.25795054436
119.1	31.8	3.25681996346
119.4	31.8	3.23839020729
119.7	31.8	3.20506763458
120	31.8	3.20775485039
120.3	31.8	3.24572992325
120.6	31.8	3.24525356293
120.9	31.8	3.27634596825
121.2	31.8	3.32012653351
121.5	31.8	3.31193900108
121.8	31.8	3.30358457565
122.1	31.8	3.28714847565
122.4	31.8	3.27182936668
115.5	31.5	3.26671099663
115.8	31.5	3.26399350166
116.1	31.5	3.26693582535
116.4	31.5	3.28636288643
116.7	31.5	3.30661654472
117	31.5	3.2869052887
117.3	31.5	3.24905252457
117.6	31.5	3.25214028358
117.9	31.5	3.26290202141
118.2	31.5	3.24667739868
118.5	31.5	3.24139761925
118.8	31.5	3.2529091835
119.1	31.5	3.26582717896
119.4	31.5	3.24933600426
119.7	31.5	3.20809626579
120	31.5	3.22453594208
120.3	31.5	3.28008246422
120.6	31.5	3.28974485397
120.9	31.5	3.26689910889
121.2	31.5	3.26876282692
121.5	31.5	3.30664539337
121.8	31.5	3.32292962074
122.1	31.5	3.29516005516
122.4	31.5	3.27092218399
115.5	31.2	3.26797294617
115.8	31.2	3.26677751541
116.1	31.2	3.26481580734
116.4	31.2	3.26878356934
116.7	31.2	3.28860640526
117	31.2	3.31138467789
117.3	31.2	3.31265377998
117.6	31.2	3.29948735237
117.9	31.2	3.27637887001
118.2	31.2	3.24093675613
118.5	31.2	3.22725367546
118.8	31.2	3.23322916031
119.1	31.2	3.25932645798
119.4	31.2	3.26914811134
119.7	31.2	3.2429087162
120	31.2	3.24839377403
120.3	31.2	3.27719831467
120.6	31.2	3.27750205994
120.9	31.2	3.26428103447
121.2	31.2	3.28277087212
121.5	31.2	3.32601881027
121.8	31.2	3.33104538918
122.1	31.2	3.29319453239
122.4	31.2	3.26422262192
115.5	30.9	3.26817274094
115.8	30.9	3.26817750931
116.1	30.9	3.26753759384
116.4	30.9	3.27152585983
116.7	30.9	3.29463410378
117	30.9	3.3310084343
117.3	30.9	3.34081864357
117.6	30.9	3.32484054565
117.9	30.9	3.30617022514
118.2	30.9	3.27830410004
118.5	30.9	3.25490045547
118.8	30.9	3.24634194374
119.1	30.9	3.2758026123
119.4	30.9	3.29768919945
119.7	30.9	3.28467702866
120	30.9	3.28046631813
120.3	30.9	3.27508282661
120.6	30.9	3.2679874897
120.9	30.9	3.28654718399
121.2	30.9	3.31732797623
121.5	30.9	3.33776330948
121.8	30.9	3.33449983597
122.1	30.9	3.30026268959
122.4	30.9	3.26634812355
115.5	30.6	3.26791572571
115.8	30.6	3.2679681778
116.1	30.6	3.26851582527
116.4	30.6	3.27419471741
116.7	30.6	3.29657483101
117	30.6	3.32921457291
117.3	30.6	3.33740592003
117.6	30.6	3.33155894279
117.9	30.6	3.3397436142
118.2	30.6	3.33800983429
118.5	30.6	3.30926609039
118.8	30.6	3.28903007507
119.1	30.6	3.31544446945
119.4	30.6	3.32463550568
119.7	30.6	3.31092882156
120	30.6	3.31017565727
120.3	30.6	3.28831028938
120.6	30.6	3.27966070175
120.9	30.6	3.30597519875
121.2	30.6	3.32112622261
121.5	30.6	3.31814098358
121.8	30.6	3.32311987877
122.1	30.6	3.31409978867
122.4	30.6	3.28436517715
115.5	30.3	3.26788115501
115.8	30.3	3.2676422596
116.1	30.3	3.26750516891
116.4	30.3	3.27016711235
116.7	30.3	3.28194236755
117	30.3	3.29966974258
117.3	30.3	3.30737447739
117.6	30.3	3.31843948364
117.9	30.3	3.34749412537
118.2	30.3	3.35216546059
118.5	30.3	3.30284261703
118.8	30.3	3.27816867828
119.1	30.3	3.31685376167
119.4	30.3	3.32991981506
119.7	30.3	3.31943678856
120	30.3	3.32929134369
120.3	30.3	3.31966376305
120.6	30.3	3.30482935905
120.9	30.3	3.31037712097
121.2	30.3	3.31360554695
121.5	30.3	3.30711770058
121.8	30.3	3.30965614319
122.1	30.3	3.31598997116
122.4	30.3	3.29895734787
115.5	30	3.26799869537
115.8	30	3.26780653
116.1	30	3.26728963852
116.4	30	3.26728773117
116.7	30	3.27073764801
117	30	3.2777326107
117.3	30	3.28421521187
117.6	30	3.29774451256
117.9	30	3.32064127922
118.2	30	3.30876207352
118.5	30	3.24418926239
118.8	30	3.23160719872
119.1	30	3.29609632492
119.4	30	3.33285593987
119.7	30	3.32794451714
120	30	3.34479951859
120.3	30	3.3582406044
120.6	30	3.33807301521
120.9	30	3.32109355927
121.2	30	3.33058953285
121.5	30	3.33874726295
121.8	30	3.32918214798
122.1	30	3.31806063652
122.4	30	3.29666137695
115.5	29.7	3.2680311203
115.8	29.7	3.26801037788
116.1	29.7	3.2677218914
116.4	29.7	3.26712346077
116.7	29.7	3.26720142365
117	29.7	3.26905226707
117.3	29.7	3.27278017998
117.6	29.7	3.28172230721
117.9	29.7	3.29750180244
118.2	29.7	3.3024687767
118.5	29.7	3.29098534584
118.8	29.7	3.30771660805
119.1	29.7	3.35416054726
119.4	29.7	3.37405800819
119.7	29.7	3.3505179882
120	29.7	3.34809541702
120.3	29.7	3.36173200607
120.6	29.7	3.34509420395
120.9	29.7	3.32736539841
121.2	29.7	3.34646439552
121.5	29.7	3.36899256706
121.8	29.7	3.35547804832
122.1	29.7	3.32268691063
122.4	29.7	3.28953623772
115.5	29.4	3.26800727844
115.8	29.4	3.26804113388
116.1	29.4	3.26800990105
116.4	29.4	3.26770782471
116.7	29.4	3.26723766327
117	29.4	3.26722812653
117.3	29.4	3.26860570908
117.6	29.4	3.27447581291
117.9	29.4	3.29257249832
118.2	29.4	3.33044075966
118.5	29.4	3.37343072891
118.8	29.4	3.39414334297
119.1	29.4	3.40007519722
119.4	29.4	3.39460062981
119.7	29.4	3.36678195
120	29.4	3.35314321518
120.3	29.4	3.3564863205
120.6	29.4	3.34547281265
120.9	29.4	3.33492159843
121.2	29.4	3.3584985733
121.5	29.4	3.37854647636
121.8	29.4	3.35441446304
122.1	29.4	3.3116209507
122.4	29.4	3.27921438217
115.5	29.1	3.26799726486
115.8	29.1	3.26800918579
116.1	29.1	3.26804232597
116.4	29.1	3.268004179
116.7	29.1	3.26777267456
117	29.1	3.26742005348
117.3	29.1	3.26736164093
117.6	29.1	3.26984882355
117.9	29.1	3.28338313103
118.2	29.1	3.3215572834
118.5	29.1	3.37390208244
118.8	29.1	3.39829683304
119.1	29.1	3.38943743706
119.4	29.1	3.3799135685
119.7	29.1	3.37243437767
120	29.1	3.35676789284
120.3	29.1	3.34653329849
120.6	29.1	3.34291768074
120.9	29.1	3.34419083595
121.2	29.1	3.37268733978
121.5	29.1	3.38203954697
121.8	29.1	3.33898496628
122.1	29.1	3.29319691658
122.4	29.1	3.27039432526
115.5	28.8	3.26799917221
115.8	28.8	3.26799750328
116.1	28.8	3.26800966263
116.4	28.8	3.26803350449
116.7	28.8	3.26799893379
117	28.8	3.26780819893
117.3	28.8	3.26733493805
117.6	28.8	3.26723217964
117.9	28.8	3.27252578735
118.2	28.8	3.2943854332
118.5	28.8	3.33381533623
118.8	28.8	3.36054134369
119.1	28.8	3.3557369709
119.4	28.8	3.35999011993
119.7	28.8	3.37079668045
120	28.8	3.3485827446
120.3	28.8	3.33123373985
120.6	28.8	3.3402428627
120.9	28.8	3.35361671448
121.2	28.8	3.38351511955
121.5	28.8	3.37968730927
121.8	28.8	3.32157635689
122.1	28.8	3.2788028717
122.4	28.8	3.26613521576
115.5	28.5	3.26799988747
115.8	28.5	3.26799917221
116.1	28.5	3.26799845695
116.4	28.5	3.26800823212
116.7	28.5	3.26802229881
117	28.5	3.26799178123
117.3	28.5	3.26771974564
117.6	28.5	3.26697778702
117.9	28.5	3.26776862144
118.2	28.5	3.27800154686
118.5	28.5	3.30343151093
118.8	28.5	3.3252146244
119.1	28.5	3.32806682587
119.4	28.5	3.34294962883
119.7	28.5	3.35310697556
120	28.5	3.32718992233
120.3	28.5	3.31929111481
120.6	28.5	3.34915709496
120.9	28.5	3.37611937523
121.2	28.5	3.39721846581
121.5	28.5	3.37128329277
121.8	28.5	3.30493497849
122.1	28.5	3.27032136917
122.4	28.5	3.26524686813
115.5	28.2	3.26799988747
115.8	28.2	3.26799988747
116.1	28.2	3.26799917221
116.4	28.2	3.2680003643
116.7	28.2	3.26800704002
117	28.2	3.26801896095
117.3	28.2	3.26795554161
117.6	28.2	3.26744818687
117.9	28.2	3.26689338684
118.2	28.2	3.27090120316
118.5	28.2	3.28587317467
118.8	28.2	3.30324006081
119.1	28.2	3.31285977364
119.4	28.2	3.32564020157
119.7	28.2	3.32525992393
120	28.2	3.30489420891
120.3	28.2	3.3125371933
120.6	28.2	3.36017656326
120.9	28.2	3.40282273293
121.2	28.2	3.41175079346
121.5	28.2	3.36018252373
121.8	28.2	3.29159784317
122.1	28.2	3.26624751091
122.4	28.2	3.26569366455
115.5	27.9	3.26799988747
115.8	27.9	3.26799988747
116.1	27.9	3.26799964905
116.4	27.9	3.26799941063
116.7	27.9	3.26800227165
117	27.9	3.2680118084
117.3	27.9	3.26800966263
117.6	27.9	3.26777291298
117.9	27.9	3.26714086533
118.2	27.9	3.26860618591
118.5	27.9	3.27788496017
118.8	27.9	3.2932703495
119.1	27.9	3.30559301376
119.4	27.9	3.31100320816
119.7	27.9	3.30293631554
120	27.9	3.28997278214
120.3	27.9	3.30295777321
120.6	27.9	3.35128164291
120.9	27.9	3.40258979797
121.2	27.9	3.40556144714
121.5	27.9	3.34287905693
121.8	27.9	3.28202986717
122.1	27.9	3.26510930061
122.4	27.9	3.26643657684
115.5	27.6	3.26799988747
115.8	27.6	3.26799988747
116.1	27.6	3.26799988747
116.4	27.6	3.26799941063
116.7	27.6	3.26799988747
117	27.6	3.26800727844
117.3	27.6	3.26801776886
117.6	27.6	3.26791405678
117.9	27.6	3.26745533943
118.2	27.6	3.26782178879
118.5	27.6	3.27322387695
118.8	27.6	3.28514242172
119.1	27.6	3.29584622383
119.4	27.6	3.29635882378
119.7	27.6	3.286673069
120	27.6	3.27844834328
120.3	27.6	3.28738451004
120.6	27.6	3.32202196121
120.9	27.6	3.36640000343
121.2	27.6	3.36808800697
121.5	27.6	3.31639909744
121.8	27.6	3.27431488037
122.1	27.6	3.26536679268
122.4	27.6	3.2671289444
115.5	27.3	3.26799988747
115.8	27.3	3.26799988747
116.1	27.3	3.26799988747
116.4	27.3	3.26799988747
116.7	27.3	3.26799917221
117	27.3	3.26800251007
117.3	27.3	3.26801800728
117.6	27.3	3.26798939705
117.9	27.3	3.26768803596
118.2	27.3	3.26739358902
118.5	27.3	3.2694299221
118.8	27.3	3.27544164658
119.1	27.3	3.28110790253
119.4	27.3	3.28012037277
119.7	27.3	3.27413678169
120	27.3	3.26978588104
120.3	27.3	3.27328658104
120.6	27.3	3.29085564613
120.9	27.3	3.31687259674
121.2	27.3	3.31761479378
121.5	27.3	3.28873300552
121.8	27.3	3.26849222183
122.1	27.3	3.26602315903
122.4	27.3	3.26765227318
