115.5	34.8	3.49134111404
115.8	34.8	3.49203038216
116.1	34.8	3.49082732201
116.4	34.8	3.47481036186
116.7	34.8	3.43375444412
117	34.8	3.40301561356
117.3	34.8	3.41914272308
117.6	34.8	3.44256043434
117.9	34.8	3.45048213005
118.2	34.8	3.4526655674
118.5	34.8	3.46590161324
118.8	34.8	3.49265742302
119.1	34.8	3.51375365257
119.4	34.8	3.50136160851
119.7	34.8	3.48143553734
120	34.8	3.48341369629
120.3	34.8	3.49112010002
120.6	34.8	3.49300003052
120.9	34.8	3.4916536808
121.2	34.8	3.49091911316
121.5	34.8	3.49092268944
121.8	34.8	3.49099683762
122.1	34.8	3.49100470543
122.4	34.8	3.49100065231
115.5	34.5	3.49135804176
115.8	34.5	3.49215817451
116.1	34.5	3.48935604095
116.4	34.5	3.46619653702
116.7	34.5	3.41318511963
117	34.5	3.37748718262
117.3	34.5	3.39961004257
117.6	34.5	3.43135333061
117.9	34.5	3.44276714325
118.2	34.5	3.44093537331
118.5	34.5	3.45280814171
118.8	34.5	3.4934232235
119.1	34.5	3.53393483162
119.4	34.5	3.51105475426
119.7	34.5	3.46351647377
120	34.5	3.46026730537
120.3	34.5	3.48019218445
120.6	34.5	3.49196624756
120.9	34.5	3.49274563789
121.2	34.5	3.4913277626
121.5	34.5	3.49089407921
121.8	34.5	3.49093484879
122.1	34.5	3.49098944664
122.4	34.5	3.49100542068
115.5	34.2	3.49128723145
115.8	34.2	3.49186992645
116.1	34.2	3.48812270164
116.4	34.2	3.4648900032
116.7	34.2	3.41797471046
117	34.2	3.39080119133
117.3	34.2	3.41213822365
117.6	34.2	3.44716334343
117.9	34.2	3.4693210125
118.2	34.2	3.46690034866
118.5	34.2	3.4642496109
118.8	34.2	3.4931473732
119.1	34.2	3.53278636932
119.4	34.2	3.50154829025
119.7	34.2	3.42841982841
120	34.2	3.41500282288
120.3	34.2	3.45251250267
120.6	34.2	3.48470878601
120.9	34.2	3.49309444427
121.2	34.2	3.49229335785
121.5	34.2	3.49121260643
121.8	34.2	3.49094986916
122.1	34.2	3.49093079567
122.4	34.2	3.49098086357
115.5	33.9	3.49116849899
115.8	33.9	3.49139976501
116.1	33.9	3.48804283142
116.4	33.9	3.47118258476
116.7	33.9	3.44049787521
117	33.9	3.42333650589
117.3	33.9	3.4349629879
117.6	33.9	3.46353673935
117.9	33.9	3.49268317223
118.2	33.9	3.49785780907
118.5	33.9	3.48949098587
118.8	33.9	3.49024748802
119.1	33.9	3.49736666679
119.4	33.9	3.46355366707
119.7	33.9	3.38938331604
120	33.9	3.37103414536
120.3	33.9	3.42219614983
120.6	33.9	3.47416162491
120.9	33.9	3.49181938171
121.2	33.9	3.49339151382
121.5	33.9	3.49221539497
121.8	33.9	3.49143719673
122.1	33.9	3.49103569984
122.4	33.9	3.49092364311
115.5	33.6	3.49107813835
115.8	33.6	3.49130439758
116.1	33.6	3.49021530151
116.4	33.6	3.48375964165
116.7	33.6	3.4716193676
117	33.6	3.46195316315
117.3	33.6	3.46281003952
117.6	33.6	3.47328257561
117.9	33.6	3.48260760307
118.2	33.6	3.48664832115
118.5	33.6	3.4929265976
118.8	33.6	3.47470760345
119.1	33.6	3.43528532982
119.4	33.6	3.40380811691
119.7	33.6	3.36700177193
120	33.6	3.3679318428
120.3	33.6	3.41916441917
120.6	33.6	3.46859550476
120.9	33.6	3.48712348938
121.2	33.6	3.49159264565
121.5	33.6	3.49236297607
121.8	33.6	3.49231958389
122.1	33.6	3.49166250229
122.4	33.6	3.49104952812
115.5	33.3	3.49106383324
115.8	33.3	3.49141979218
116.1	33.3	3.49260282516
116.4	33.3	3.49514055252
116.7	33.3	3.4976644516
117	33.3	3.49817490578
117.3	33.3	3.50059318542
117.6	33.3	3.4984793663
117.9	33.3	3.47851657867
118.2	33.3	3.46918845177
118.5	33.3	3.48630642891
118.8	33.3	3.45434880257
119.1	33.3	3.37345170975
119.4	33.3	3.33890271187
119.7	33.3	3.35785245895
120	33.3	3.40311813354
120.3	33.3	3.44547319412
120.6	33.3	3.46457076073
120.9	33.3	3.47061538696
121.2	33.3	3.47828006744
121.5	33.3	3.48488259315
121.8	33.3	3.49052238464
122.1	33.3	3.4922785759
122.4	33.3	3.49156928062
115.5	33	3.49103713036
115.8	33	3.49089980125
116.1	33	3.49166989326
116.4	33	3.49603128433
116.7	33	3.50334143639
117	33	3.51060056686
117.3	33	3.52270436287
117.6	33	3.52533793449
117.9	33	3.50451874733
118.2	33	3.4981341362
118.5	33	3.50971794128
118.8	33	3.46628952026
119.1	33	3.36880636215
119.4	33	3.32204532623
119.7	33	3.36187028885
120	33	3.43421173096
120.3	33	3.46547460556
120.6	33	3.44082546234
120.9	33	3.42928791046
121.2	33	3.44577503204
121.5	33	3.46108293533
121.8	33	3.47963070869
122.1	33	3.4904654026
122.4	33	3.4919154644
115.5	32.7	3.4909734726
115.8	32.7	3.49001336098
116.1	32.7	3.489538908
116.4	32.7	3.49309659004
116.7	32.7	3.49693965912
117	32.7	3.49575734138
117.3	32.7	3.50416707993
117.6	32.7	3.51290917397
117.9	32.7	3.50807094574
118.2	32.7	3.511947155
118.5	32.7	3.51568818092
118.8	32.7	3.48577594757
119.1	32.7	3.41949558258
119.4	32.7	3.38394331932
119.7	32.7	3.40873503685
120	32.7	3.45430040359
120.3	32.7	3.45277786255
120.6	32.7	3.38007187843
120.9	32.7	3.3721985817
121.2	32.7	3.41863036156
121.5	32.7	3.43426990509
121.8	32.7	3.46220755577
122.1	32.7	3.48502182961
122.4	32.7	3.49107432365
115.5	32.4	3.49058890343
115.8	32.4	3.488499403
116.1	32.4	3.48847174644
116.4	32.4	3.49531745911
116.7	32.4	3.49513673782
117	32.4	3.47051382065
117.3	32.4	3.45704007149
117.6	32.4	3.47754907608
117.9	32.4	3.49813175201
118.2	32.4	3.50446605682
118.5	32.4	3.49304699898
118.8	32.4	3.48336005211
119.1	32.4	3.45961713791
119.4	32.4	3.44614982605
119.7	32.4	3.45466399193
120	32.4	3.45812511444
120.3	32.4	3.41820025444
120.6	32.4	3.32208061218
120.9	32.4	3.36303138733
121.2	32.4	3.46368336678
121.5	32.4	3.45748829842
121.8	32.4	3.46379423141
122.1	32.4	3.48389077187
122.4	32.4	3.4899828434
115.5	32.1	3.48925089836
115.8	32.1	3.48466253281
116.1	32.1	3.4853708744
116.4	32.1	3.50113797188
116.7	32.1	3.5042860508
117	32.1	3.45284056664
117.3	32.1	3.40425181389
117.6	32.1	3.43172311783
117.9	32.1	3.47996520996
118.2	32.1	3.49674797058
118.5	32.1	3.48198676109
118.8	32.1	3.47648882866
119.1	32.1	3.47255945206
119.4	32.1	3.46952199936
119.7	32.1	3.47009944916
120	32.1	3.46130609512
120.3	32.1	3.43116855621
120.6	32.1	3.36756873131
120.9	32.1	3.43333673477
121.2	32.1	3.53901529312
121.5	32.1	3.51551222801
121.8	32.1	3.49528551102
122.1	32.1	3.49530291557
122.4	32.1	3.49177479744
115.5	31.8	3.48735976219
115.8	31.8	3.4781088829
116.1	31.8	3.47463870049
116.4	31.8	3.49631237984
116.7	31.8	3.51587748528
117	31.8	3.46856164932
117.3	31.8	3.40135478973
117.6	31.8	3.41325116158
117.9	31.8	3.46014428139
118.2	31.8	3.4851641655
118.5	31.8	3.4851436615
118.8	31.8	3.48378181458
119.1	31.8	3.48530459404
119.4	31.8	3.47872185707
119.7	31.8	3.46526122093
120	31.8	3.46110916138
120.3	31.8	3.46562385559
120.6	31.8	3.44425702095
120.9	31.8	3.47617650032
121.2	31.8	3.53389263153
121.5	31.8	3.5344722271
121.8	31.8	3.53088879585
122.1	31.8	3.51492142677
122.4	31.8	3.49655151367
115.5	31.5	3.48729467392
115.8	31.5	3.47517991066
116.1	31.5	3.46145510674
116.4	31.5	3.47056794167
116.7	31.5	3.49962663651
117	31.5	3.49234938622
117.3	31.5	3.45490145683
117.6	31.5	3.45262360573
117.9	31.5	3.46921777725
118.2	31.5	3.47825574875
118.5	31.5	3.4812772274
118.8	31.5	3.47961711884
119.1	31.5	3.48605561256
119.4	31.5	3.4796731472
119.7	31.5	3.45511984825
120	31.5	3.45337367058
120.3	31.5	3.48171854019
120.6	31.5	3.48191285133
120.9	31.5	3.47243523598
121.2	31.5	3.48721790314
121.5	31.5	3.51882433891
121.8	31.5	3.54352045059
122.1	31.5	3.52401924133
122.4	31.5	3.49721980095
115.5	31.2	3.48948287964
115.8	31.2	3.48011636734
116.1	31.2	3.46204853058
116.4	31.2	3.45361113548
116.7	31.2	3.47515487671
117	31.2	3.50133609772
117.3	31.2	3.50539326668
117.6	31.2	3.50153279305
117.9	31.2	3.49211382866
118.2	31.2	3.4823179245
118.5	31.2	3.47832036018
118.8	31.2	3.4694981575
119.1	31.2	3.48292160034
119.4	31.2	3.4903280735
119.7	31.2	3.46840238571
120	31.2	3.46217656136
120.3	31.2	3.49688243866
120.6	31.2	3.50638222694
120.9	31.2	3.48985671997
121.2	31.2	3.49429488182
121.5	31.2	3.52573299408
121.8	31.2	3.54620957375
122.1	31.2	3.5192322731
122.4	31.2	3.48967790604
115.5	30.9	3.49140930176
115.8	30.9	3.48768281937
116.1	30.9	3.476521492
116.4	30.9	3.4662168026
116.7	30.9	3.47812533379
117	30.9	3.50764894485
117.3	30.9	3.52206683159
117.6	30.9	3.51912093163
117.9	30.9	3.5109167099
118.2	30.9	3.50726914406
118.5	30.9	3.50230002403
118.8	30.9	3.48563838005
119.1	30.9	3.50255441666
119.4	30.9	3.52005267143
119.7	30.9	3.49850082397
120	30.9	3.48288464546
120.3	30.9	3.50812888145
120.6	30.9	3.52017998695
120.9	30.9	3.51921772957
121.2	30.9	3.53127837181
121.5	30.9	3.55116820335
121.8	30.9	3.55563831329
122.1	30.9	3.5185573101
122.4	30.9	3.48484301567
115.5	30.6	3.49165129662
115.8	30.6	3.49136710167
116.1	30.6	3.487803936
116.4	30.6	3.48365783691
116.7	30.6	3.49075222015
117	30.6	3.50926280022
117.3	30.6	3.5178194046
117.6	30.6	3.52258372307
117.9	30.6	3.53754138947
118.2	30.6	3.54993772507
118.5	30.6	3.53190207481
118.8	30.6	3.49805593491
119.1	30.6	3.51403212547
119.4	30.6	3.53062748909
119.7	30.6	3.50609302521
120	30.6	3.49365210533
120.3	30.6	3.50697588921
120.6	30.6	3.51241779327
120.9	30.6	3.52795743942
121.2	30.6	3.54837560654
121.5	30.6	3.55235242844
121.8	30.6	3.54764699936
122.1	30.6	3.52154016495
122.4	30.6	3.49282884598
115.5	30.3	3.49122905731
115.8	30.3	3.49158930779
116.1	30.3	3.49118757248
116.4	30.3	3.49021172523
116.7	30.3	3.49262619019
117	30.3	3.4973859787
117.3	30.3	3.49826431274
117.6	30.3	3.51039361954
117.9	30.3	3.54155087471
118.2	30.3	3.55159902573
118.5	30.3	3.50017380714
118.8	30.3	3.45184803009
119.1	30.3	3.4835934639
119.4	30.3	3.51423549652
119.7	30.3	3.50246071815
120	30.3	3.51169538498
120.3	30.3	3.52988243103
120.6	30.3	3.52406430244
120.9	30.3	3.54529643059
121.2	30.3	3.56762814522
121.5	30.3	3.53823447227
121.8	30.3	3.51654863358
122.1	30.3	3.51570463181
122.4	30.3	3.50531005859
115.5	30	3.49099969864
115.8	30	3.49115967751
116.1	30	3.49124979973
116.4	30	3.49106216431
116.7	30	3.49118280411
117	30	3.49024796486
117.3	30	3.48648881912
117.6	30	3.49127197266
117.9	30	3.50992250443
118.2	30	3.50111556053
118.5	30	3.43506979942
118.8	30	3.40808010101
119.1	30	3.47288131714
119.4	30	3.52180814743
119.7	30	3.51325559616
120	30	3.52737760544
120.3	30	3.55797672272
120.6	30	3.54940056801
120.9	30	3.55795788765
121.2	30	3.57481098175
121.5	30	3.54094910622
121.8	30	3.51679563522
122.1	30	3.52208852768
122.4	30	3.51314091682
115.5	29.7	3.49097943306
115.8	29.7	3.49100327492
116.1	29.7	3.49103760719
116.4	29.7	3.49098348618
116.7	29.7	3.49081277847
117	29.7	3.48965406418
117.3	29.7	3.48629522324
117.6	29.7	3.48508119583
117.9	29.7	3.49276232719
118.2	29.7	3.49681091309
118.5	29.7	3.48621821404
118.8	29.7	3.50008916855
119.1	29.7	3.54966664314
119.4	29.7	3.5709207058
119.7	29.7	3.54409408569
120	29.7	3.54578852654
120.3	29.7	3.574031353
120.6	29.7	3.56119060516
120.9	29.7	3.55405497551
121.2	29.7	3.56740617752
121.5	29.7	3.55618667603
121.8	29.7	3.5413646698
122.1	29.7	3.53216290474
122.4	29.7	3.5119843483
115.5	29.4	3.49099636078
115.8	29.4	3.49099349976
116.1	29.4	3.49100160599
116.4	29.4	3.49098730087
116.7	29.4	3.49097442627
117	29.4	3.49065113068
117.3	29.4	3.48929262161
117.6	29.4	3.48907256126
117.9	29.4	3.49947023392
118.2	29.4	3.53230404854
118.5	29.4	3.57323503494
118.8	29.4	3.59574484825
119.1	29.4	3.60469341278
119.4	29.4	3.59927392006
119.7	29.4	3.57274127007
120	29.4	3.57120490074
120.3	29.4	3.58330583572
120.6	29.4	3.56399345398
120.9	29.4	3.55365800858
121.2	29.4	3.57150363922
121.5	29.4	3.5764734745
121.8	29.4	3.55377340317
122.1	29.4	3.52648425102
122.4	29.4	3.50284004211
115.5	29.1	3.49100041389
115.8	29.1	3.4909992218
116.1	29.1	3.49100160599
116.4	29.1	3.49100422859
116.7	29.1	3.49103021622
117	29.1	3.49102807045
117.3	29.1	3.49062919617
117.6	29.1	3.49092245102
117.9	29.1	3.5002720356
118.2	29.1	3.53311061859
118.5	29.1	3.57974553108
118.8	29.1	3.59996175766
119.1	29.1	3.59271931648
119.4	29.1	3.5900759697
119.7	29.1	3.58510446548
120	29.1	3.57742857933
120.3	29.1	3.56808924675
120.6	29.1	3.55405187607
120.9	29.1	3.55652856827
121.2	29.1	3.58792972565
121.5	29.1	3.59864377975
121.8	29.1	3.55443644524
122.1	29.1	3.51338219643
122.4	29.1	3.49395155907
115.5	28.8	3.49099993706
115.8	28.8	3.49100017548
116.1	28.8	3.49100041389
116.4	28.8	3.49100041389
116.7	28.8	3.49101209641
117	28.8	3.49102711678
117.3	28.8	3.49076986313
117.6	28.8	3.4903523922
117.9	28.8	3.49428582191
118.2	28.8	3.51308178902
118.5	28.8	3.54559826851
118.8	28.8	3.56265830994
119.1	28.8	3.55774402618
119.4	28.8	3.57035803795
119.7	28.8	3.57823514938
120	28.8	3.55456328392
120.3	28.8	3.53546524048
120.6	28.8	3.5421397686
120.9	28.8	3.5602991581
121.2	28.8	3.59848570824
121.5	28.8	3.6042547226
121.8	28.8	3.54520845413
122.1	28.8	3.50193142891
122.4	28.8	3.48943519592
115.5	28.5	3.49099993706
115.8	28.5	3.49099993706
116.1	28.5	3.49100065231
116.4	28.5	3.4909992218
116.7	28.5	3.49100065231
117	28.5	3.49101543427
117.3	28.5	3.49085712433
117.6	28.5	3.49021649361
117.9	28.5	3.49087953568
118.2	28.5	3.50024843216
118.5	28.5	3.52103161812
118.8	28.5	3.5334842205
119.1	28.5	3.52992463112
119.4	28.5	3.54298496246
119.7	28.5	3.54864120483
120	28.5	3.52254724503
120.3	28.5	3.51684403419
120.6	28.5	3.5520055294
120.9	28.5	3.58285617828
121.2	28.5	3.60915756226
121.5	28.5	3.59371471405
121.8	28.5	3.52952337265
122.1	28.5	3.49400281906
122.4	28.5	3.48825550079
115.5	28.2	3.49099993706
115.8	28.2	3.49099993706
116.1	28.2	3.49099993706
116.4	28.2	3.49100136757
116.7	28.2	3.49099946022
117	28.2	3.49101090431
117.3	28.2	3.49097466469
117.6	28.2	3.49051117897
117.9	28.2	3.49022841454
118.2	28.2	3.49446249008
118.5	28.2	3.50725722313
118.8	28.2	3.51560258865
119.1	28.2	3.50920653343
119.4	28.2	3.51053643227
119.7	28.2	3.51366662979
120	28.2	3.5025832653
120.3	28.2	3.51660037041
120.6	28.2	3.56959819794
120.9	28.2	3.61015820503
121.2	28.2	3.6191277504
121.5	28.2	3.57832312584
121.8	28.2	3.51518535614
122.1	28.2	3.48974108696
122.4	28.2	3.48858451843
115.5	27.9	3.49099993706
115.8	27.9	3.49099993706
116.1	27.9	3.49099969864
116.4	27.9	3.49099993706
116.7	27.9	3.49100255966
117	27.9	3.49100661278
117.3	27.9	3.49100470543
117.6	27.9	3.49079632759
117.9	27.9	3.49036574364
118.2	27.9	3.49215602875
118.5	27.9	3.49930334091
118.8	27.9	3.50418519974
119.1	27.9	3.49650502205
119.4	27.9	3.49188089371
119.7	27.9	3.49560928345
120	27.9	3.49595022202
120.3	27.9	3.51455020905
120.6	27.9	3.56300282478
120.9	27.9	3.6059858799
121.2	27.9	3.60812163353
121.5	27.9	3.55830049515
121.8	27.9	3.50487565994
122.1	27.9	3.48845171928
122.4	27.9	3.48935174942
115.5	27.6	3.49099993706
115.8	27.6	3.49099993706
116.1	27.6	3.49099993706
116.4	27.6	3.49099969864
116.7	27.6	3.49100017548
117	27.6	3.49100661278
117.3	27.6	3.49101233482
117.6	27.6	3.49092197418
117.9	27.6	3.4906103611
118.2	27.6	3.49112415314
118.5	27.6	3.49451351166
118.8	27.6	3.49730825424
119.1	27.6	3.49304485321
119.4	27.6	3.4897069931
119.7	27.6	3.49174022675
120	27.6	3.49301338196
120.3	27.6	3.50411725044
120.6	27.6	3.53493738174
120.9	27.6	3.56978535652
121.2	27.6	3.57199120522
121.5	27.6	3.53250312805
121.8	27.6	3.49703621864
122.1	27.6	3.48860526085
122.4	27.6	3.49007368088
115.5	27.3	3.49099993706
115.8	27.3	3.49099993706
116.1	27.3	3.49099993706
116.4	27.3	3.49099993706
116.7	27.3	3.4909992218
117	27.3	3.49100255966
117.3	27.3	3.49101352692
117.6	27.3	3.4909863472
117.9	27.3	3.49078941345
118.2	27.3	3.49072527885
118.5	27.3	3.49197340012
118.8	27.3	3.49347138405
119.1	27.3	3.49239897728
119.4	27.3	3.49102854729
119.7	27.3	3.49119758606
120	27.3	3.49047207832
120.3	27.3	3.49390625954
120.6	27.3	3.50816845894
120.9	27.3	3.52833342552
121.2	27.3	3.52995228767
121.5	27.3	3.50840950012
121.8	27.3	3.49163866043
122.1	27.3	3.48914146423
122.4	27.3	3.49062895775
