114	34.8	3.71801280975
114.3	34.8	3.7180044651
114.6	34.8	3.71799111366
114.9	34.8	3.71796703339
115.2	34.8	3.71808481216
115.5	34.8	3.71858787537
115.8	34.8	3.71891283989
116.1	34.8	3.71541118622
116.4	34.8	3.70041847229
116.7	34.8	3.67330622673
117	34.8	3.65575575829
117.3	34.8	3.6590013504
117.6	34.8	3.66923999786
117.9	34.8	3.67074155807
118.2	34.8	3.66713643074
118.5	34.8	3.67536211014
118.8	34.8	3.69971251488
119.1	34.8	3.72410821915
119.4	34.8	3.73069906235
119.7	34.8	3.72229933739
120	34.8	3.71731543541
120.3	34.8	3.71773886681
120.6	34.8	3.71887183189
120.9	34.8	3.71878838539
121.2	34.8	3.71821808815
121.5	34.8	3.7179415226
121.8	34.8	3.71795988083
122.1	34.8	3.71799659729
122.4	34.8	3.71800279617
114	34.5	3.71800589561
114.3	34.5	3.71799850464
114.6	34.5	3.71798110008
114.9	34.5	3.71797347069
115.2	34.5	3.71817779541
115.5	34.5	3.7189002037
115.8	34.5	3.71894836426
116.1	34.5	3.71270346642
116.4	34.5	3.69066691399
116.7	34.5	3.65356683731
117	34.5	3.63078808784
117.3	34.5	3.636084795
117.6	34.5	3.65030217171
117.9	34.5	3.65016031265
118.2	34.5	3.63467168808
118.5	34.5	3.63543581963
118.8	34.5	3.66794872284
119.1	34.5	3.70558357239
119.4	34.5	3.7175283432
119.7	34.5	3.70825600624
120	34.5	3.7036755085
120.3	34.5	3.70962810516
120.6	34.5	3.71660041809
120.9	34.5	3.71911263466
121.2	34.5	3.71872186661
121.5	34.5	3.71814250946
121.8	34.5	3.71794486046
122.1	34.5	3.71796321869
122.4	34.5	3.71799683571
114	34.2	3.71799850464
114.3	34.2	3.7179942131
114.6	34.2	3.71797919273
114.9	34.2	3.71800470352
115.2	34.2	3.71830463409
115.5	34.2	3.71903443336
115.8	34.2	3.71840929985
116.1	34.2	3.71007514
116.4	34.2	3.68532156944
116.7	34.2	3.6481859684
117	34.2	3.62467932701
117.3	34.2	3.62952423096
117.6	34.2	3.64964818954
117.9	34.2	3.65783882141
118.2	34.2	3.63813018799
118.5	34.2	3.62434315681
118.8	34.2	3.64264369011
119.1	34.2	3.66914367676
119.4	34.2	3.67543840408
119.7	34.2	3.66850996017
120	34.2	3.6695599556
120.3	34.2	3.68807005882
120.6	34.2	3.70786881447
120.9	34.2	3.71758937836
121.2	34.2	3.71918225288
121.5	34.2	3.71853423119
121.8	34.2	3.71808481216
122.1	34.2	3.71796631813
122.4	34.2	3.71797156334
114	33.9	3.71799826622
114.3	33.9	3.71800851822
114.6	33.9	3.71800875664
114.9	33.9	3.71805620193
115.2	33.9	3.71841311455
115.5	33.9	3.71886396408
115.8	33.9	3.71716189384
116.1	33.9	3.70787024498
116.4	33.9	3.68573069572
116.7	33.9	3.65811014175
117	33.9	3.63629817963
117.3	33.9	3.63265490532
117.6	33.9	3.64985322952
117.9	33.9	3.66662144661
118.2	33.9	3.65645360947
118.5	33.9	3.64711999893
118.8	33.9	3.65352606773
119.1	33.9	3.65412926674
119.4	33.9	3.64005041122
119.7	33.9	3.62999105453
120	33.9	3.63610172272
120.3	33.9	3.66656255722
120.6	33.9	3.6985771656
120.9	33.9	3.71515631676
121.2	33.9	3.71899366379
121.5	33.9	3.71900677681
121.8	33.9	3.71847033501
122.1	33.9	3.71811079979
122.4	33.9	3.71799302101
114	33.6	3.71802926064
114.3	33.6	3.71803593636
114.6	33.6	3.7179942131
114.9	33.6	3.71801495552
115.2	33.6	3.71823501587
115.5	33.6	3.71821856499
115.8	33.6	3.71574211121
116.1	33.6	3.70754671097
116.4	33.6	3.69490337372
116.7	33.6	3.68518829346
117	33.6	3.67216038704
117.3	33.6	3.65915417671
117.6	33.6	3.65885424614
117.9	33.6	3.66246843338
118.2	33.6	3.65034985542
118.5	33.6	3.65977597237
118.8	33.6	3.6804356575
119.1	33.6	3.66946053505
119.4	33.6	3.63484597206
119.7	33.6	3.62285232544
120	33.6	3.6396946907
120.3	33.6	3.67524290085
120.6	33.6	3.70484519005
120.9	33.6	3.71590423584
121.2	33.6	3.71689343452
121.5	33.6	3.71812701225
121.8	33.6	3.71865749359
122.1	33.6	3.71843075752
122.4	33.6	3.71814346313
114	33.3	3.71805238724
114.3	33.3	3.71792626381
114.6	33.3	3.71761918068
114.9	33.3	3.71744966507
115.2	33.3	3.71735048294
115.5	33.3	3.71625757217
115.8	33.3	3.71286845207
116.1	33.3	3.70821690559
116.4	33.3	3.70801472664
116.7	33.3	3.71664404869
117	33.3	3.71662116051
117.3	33.3	3.70421218872
117.6	33.3	3.69370913506
117.9	33.3	3.68079900742
118.2	33.3	3.65184116364
118.5	33.3	3.65557694435
118.8	33.3	3.67862462997
119.1	33.3	3.66226220131
119.4	33.3	3.6202249527
119.7	33.3	3.62395644188
120	33.3	3.67442440987
120.3	33.3	3.71831774712
120.6	33.3	3.7293741703
120.9	33.3	3.71720027924
121.2	33.3	3.70757293701
121.5	33.3	3.71113848686
121.8	33.3	3.71661353111
122.1	33.3	3.71832561493
122.4	33.3	3.71826219559
114	33	3.71787667274
114.3	33	3.71735334396
114.6	33	3.71681880951
114.9	33	3.71717596054
115.2	33	3.71725702286
115.5	33	3.71389079094
115.8	33	3.70703411102
116.1	33	3.70426845551
116.4	33	3.71415328979
116.7	33	3.73001933098
117	33	3.7349998951
117.3	33	3.72571206093
117.6	33	3.71773958206
117.9	33	3.71454167366
118.2	33	3.69166278839
118.5	33	3.67154049873
118.8	33	3.66438055038
119.1	33	3.63058829308
119.4	33	3.58789110184
119.7	33	3.61364626884
120	33	3.69962668419
120.3	33	3.75371599197
120.6	33	3.74080014229
120.9	33	3.69935846329
121.2	33	3.680975914
121.5	33	3.69399738312
121.8	33	3.71014261246
122.1	33	3.71665644646
122.4	33	3.71787524223
114	32.7	3.71737861633
114.3	32.7	3.71660280228
114.6	32.7	3.71783638
114.9	32.7	3.72349381447
115.2	32.7	3.7280626297
115.5	32.7	3.72178792953
115.8	32.7	3.70577383041
116.1	32.7	3.69711017609
116.4	32.7	3.70649385452
116.7	32.7	3.72168874741
117	32.7	3.72929668427
117.3	32.7	3.7234992981
117.6	32.7	3.71226978302
117.9	32.7	3.70757699013
118.2	32.7	3.69935178757
118.5	32.7	3.67938256264
118.8	32.7	3.66430997849
119.1	32.7	3.63158106804
119.4	32.7	3.59848022461
119.7	32.7	3.63317275047
120	32.7	3.71882629395
120.3	32.7	3.74842405319
120.6	32.7	3.69975924492
120.9	32.7	3.64892458916
121.2	32.7	3.64899921417
121.5	32.7	3.68127989769
121.8	32.7	3.70722222328
122.1	32.7	3.71599078178
122.4	32.7	3.71708202362
114	32.4	3.71688365936
114.3	32.4	3.71756243706
114.6	32.4	3.72570586205
114.9	32.4	3.74737763405
115.2	32.4	3.76777887344
115.5	32.4	3.76078557968
115.8	32.4	3.72649741173
116.1	32.4	3.69984793663
116.4	32.4	3.69521403313
116.7	32.4	3.69855260849
117	32.4	3.70303368568
117.3	32.4	3.70573806763
117.6	32.4	3.70181274414
117.9	32.4	3.69235825539
118.2	32.4	3.68435740471
118.5	32.4	3.67957353592
118.8	32.4	3.68039274216
119.1	32.4	3.66534328461
119.4	32.4	3.65071630478
119.7	32.4	3.68483161926
120	32.4	3.74062824249
120.3	32.4	3.72483897209
120.6	32.4	3.64507770538
120.9	32.4	3.62183833122
121.2	32.4	3.67220044136
121.5	32.4	3.71732473373
121.8	32.4	3.73027825356
122.1	32.4	3.72471857071
122.4	32.4	3.7185781002
114	32.1	3.7170021534
114.3	32.1	3.72018361092
114.6	32.1	3.73818731308
114.9	32.1	3.78148722649
115.2	32.1	3.8254544735
115.5	32.1	3.82189321518
115.8	32.1	3.76409268379
116.1	32.1	3.71134901047
116.4	32.1	3.69371771812
116.7	32.1	3.68229436874
117	32.1	3.6681895256
117.3	32.1	3.6661067009
117.6	32.1	3.67710733414
117.9	32.1	3.68202733994
118.2	32.1	3.67463231087
118.5	32.1	3.67447519302
118.8	32.1	3.67134618759
119.1	32.1	3.66105604172
119.4	32.1	3.66568374634
119.7	32.1	3.70009493828
120	32.1	3.73160552979
120.3	32.1	3.7041888237
120.6	32.1	3.64275240898
120.9	32.1	3.6585893631
121.2	32.1	3.73451280594
121.5	32.1	3.77311491966
121.8	32.1	3.76614975929
122.1	32.1	3.7418756485
122.4	32.1	3.72389149666
114	31.8	3.71700501442
114.3	31.8	3.7201757431
114.6	31.8	3.7378757
114.9	31.8	3.7819173336
115.2	31.8	3.83050465584
115.5	31.8	3.82999157906
115.8	31.8	3.76483225822
116.1	31.8	3.70355677605
116.4	31.8	3.69620108604
116.7	31.8	3.69012618065
117	31.8	3.66081142426
117.3	31.8	3.64234948158
117.6	31.8	3.65887928009
117.9	31.8	3.68451404572
118.2	31.8	3.69196724892
118.5	31.8	3.69415259361
118.8	31.8	3.67583346367
119.1	31.8	3.65945243835
119.4	31.8	3.66870498657
119.7	31.8	3.68633127213
120	31.8	3.6907043457
120.3	31.8	3.66863131523
120.6	31.8	3.64089870453
120.9	31.8	3.66113066673
121.2	31.8	3.71655035019
121.5	31.8	3.75913143158
121.8	31.8	3.77559494972
122.1	31.8	3.75443482399
122.4	31.8	3.73004698753
114	31.5	3.71699810028
114.3	31.5	3.71712470055
114.6	31.5	3.72326850891
114.9	31.5	3.74238419533
115.2	31.5	3.76747488976
115.5	31.5	3.76761007309
115.8	31.5	3.7237534523
116.1	31.5	3.67672896385
116.4	31.5	3.68216991425
116.7	31.5	3.69676661491
117	31.5	3.68882274628
117.3	31.5	3.67946696281
117.6	31.5	3.69027400017
117.9	31.5	3.70799732208
118.2	31.5	3.71683835983
118.5	31.5	3.70861411095
118.8	31.5	3.68321275711
119.1	31.5	3.68160891533
119.4	31.5	3.70052313805
119.7	31.5	3.69239616394
120	31.5	3.66997742653
120.3	31.5	3.65926885605
120.6	31.5	3.65227103233
120.9	31.5	3.64621329308
121.2	31.5	3.65910434723
121.5	31.5	3.70750665665
121.8	31.5	3.76051354408
122.1	31.5	3.75158667564
122.4	31.5	3.72682094574
114	31.2	3.71745324135
114.3	31.2	3.71533060074
114.6	31.2	3.7110748291
114.9	31.2	3.70476365089
115.2	31.2	3.70089554787
115.5	31.2	3.70013785362
115.8	31.2	3.69195246696
116.1	31.2	3.67319560051
116.4	31.2	3.67448711395
116.7	31.2	3.69364643097
117	31.2	3.71460103989
117.3	31.2	3.72752594948
117.6	31.2	3.72558879852
117.9	31.2	3.71251606941
118.2	31.2	3.71060609818
118.5	31.2	3.697473526
118.8	31.2	3.67965650558
119.1	31.2	3.69873094559
119.4	31.2	3.72485327721
119.7	31.2	3.69945716858
120	31.2	3.67375946045
120.3	31.2	3.69593286514
120.6	31.2	3.71328687668
120.9	31.2	3.69488048553
121.2	31.2	3.68169331551
121.5	31.2	3.71562480927
121.8	31.2	3.75663328171
122.1	31.2	3.73148417473
122.4	31.2	3.70339035988
114	30.9	3.71810221672
114.3	30.9	3.71685814857
114.6	30.9	3.71194195747
114.9	30.9	3.70078063011
115.2	30.9	3.6865735054
115.5	30.9	3.68104314804
115.8	30.9	3.68689107895
116.1	30.9	3.68757843971
116.4	30.9	3.68569731712
116.7	30.9	3.69934892654
117	30.9	3.72473526001
117.3	30.9	3.73960995674
117.6	30.9	3.72468209267
117.9	30.9	3.69226312637
118.2	30.9	3.68835330009
118.5	30.9	3.70056772232
118.8	30.9	3.71140694618
119.1	30.9	3.73376989365
119.4	30.9	3.73770976067
119.7	30.9	3.68808794022
120	30.9	3.6558816433
120.3	30.9	3.69689869881
120.6	30.9	3.73350071907
120.9	30.9	3.73545217514
121.2	30.9	3.73948264122
121.5	30.9	3.76227998734
121.8	30.9	3.76087546349
122.1	30.9	3.70347332954
122.4	30.9	3.67061018944
114	30.6	3.7183535099
114.3	30.6	3.71887421608
114.6	30.6	3.71915197372
114.9	30.6	3.71822285652
115.2	30.6	3.71373701096
115.5	30.6	3.70646834373
115.8	30.6	3.69837403297
116.1	30.6	3.68958759308
116.4	30.6	3.69129347801
116.7	30.6	3.71197533607
117	30.6	3.73522925377
117.3	30.6	3.7395055294
117.6	30.6	3.71924829483
117.9	30.6	3.69265079498
118.2	30.6	3.69363594055
118.5	30.6	3.72127866745
118.8	30.6	3.74985051155
119.1	30.6	3.76974987984
119.4	30.6	3.75742387772
119.7	30.6	3.69710564613
120	30.6	3.6494576931
120.3	30.6	3.67418766022
120.6	30.6	3.70397996902
120.9	30.6	3.72895860672
121.2	30.6	3.75950956345
121.5	30.6	3.76925110817
121.8	30.6	3.73577237129
122.1	30.6	3.68331551552
122.4	30.6	3.66270685196
114	30.3	3.71794128418
114.3	30.3	3.71847319603
114.6	30.3	3.72075438499
114.9	30.3	3.72681927681
115.2	30.3	3.73679375648
115.5	30.3	3.74149370193
115.8	30.3	3.72784852982
116.1	30.3	3.7021343708
116.4	30.3	3.69755411148
116.7	30.3	3.71929168701
117	30.3	3.7409389019
117.3	30.3	3.73924160004
117.6	30.3	3.72074484825
117.9	30.3	3.71200537682
118.2	30.3	3.72021341324
118.5	30.3	3.71545481682
118.8	30.3	3.70991945267
119.1	30.3	3.72608709335
119.4	30.3	3.74231100082
119.7	30.3	3.72436070442
120	30.3	3.70174264908
120.3	30.3	3.72902727127
120.6	30.3	3.74377059937
120.9	30.3	3.76226758957
121.2	30.3	3.77720117569
121.5	30.3	3.74413132668
121.8	30.3	3.69283747673
122.1	30.3	3.68573641777
122.4	30.3	3.69346618652
114	30	3.71756505966
114.3	30	3.71699500084
114.6	30	3.71739959717
114.9	30	3.72349476814
115.2	30	3.74106550217
115.5	30	3.75758767128
115.8	30	3.74793720245
116.1	30	3.71547937393
116.4	30	3.70167613029
116.7	30	3.71360325813
117	30	3.73962521553
117.3	30	3.75516247749
117.6	30	3.74927425385
117.9	30	3.74324846268
118.2	30	3.74269270897
118.5	30	3.6995267868
118.8	30	3.66761016846
119.1	30	3.68940830231
119.4	30	3.72689652443
119.7	30	3.73193788528
120	30	3.72928619385
120.3	30	3.76329350471
120.6	30	3.75149130821
120.9	30	3.74165511131
121.2	30	3.74325251579
121.5	30	3.71019864082
121.8	30	3.68512439728
122.1	30	3.71476650238
122.4	30	3.73011898994
114	29.7	3.71761918068
114.3	29.7	3.7164144516
114.6	29.7	3.71523022652
114.9	29.7	3.72018742561
115.2	29.7	3.74289798737
115.5	29.7	3.77103209496
115.8	29.7	3.76841139793
116.1	29.7	3.72893667221
116.4	29.7	3.69940924644
116.7	29.7	3.69153809547
117	29.7	3.71491026878
117.3	29.7	3.75272607803
117.6	29.7	3.76743197441
117.9	29.7	3.75565433502
118.2	29.7	3.74704217911
118.5	29.7	3.71844863892
118.8	29.7	3.70948505402
119.1	29.7	3.72809362411
119.4	29.7	3.74379944801
119.7	29.7	3.75234746933
120	29.7	3.77537322044
120.3	29.7	3.79424977303
120.6	29.7	3.73612165451
120.9	29.7	3.69497108459
121.2	29.7	3.70061278343
121.5	29.7	3.69785356522
121.8	29.7	3.70558571815
122.1	29.7	3.7385931015
122.4	29.7	3.74420881271
114	29.4	3.71788144112
114.3	29.4	3.71648812294
114.6	29.4	3.71398663521
114.9	29.4	3.71622276306
115.2	29.4	3.73995232582
115.5	29.4	3.77751064301
115.8	29.4	3.78727030754
116.1	29.4	3.75295996666
116.4	29.4	3.72352361679
116.7	29.4	3.70402812958
117	29.4	3.70879864693
117.3	29.4	3.73553371429
117.6	29.4	3.7494738102
117.9	29.4	3.7382786274
118.2	29.4	3.74076938629
118.5	29.4	3.75132966042
118.8	29.4	3.76166749001
119.1	29.4	3.74390721321
119.4	29.4	3.72170352936
119.7	29.4	3.7503247261
120	29.4	3.79956007004
120.3	29.4	3.80153656006
120.6	29.4	3.73443198204
120.9	29.4	3.6929166317
121.2	29.4	3.69854831696
121.5	29.4	3.70537447929
121.8	29.4	3.71909451485
122.1	29.4	3.73830580711
122.4	29.4	3.73645091057
114	29.1	3.718105793
114.3	29.1	3.71664857864
114.6	29.1	3.7121078968
114.9	29.1	3.70839262009
115.2	29.1	3.72428107262
115.5	29.1	3.75931787491
115.8	29.1	3.77767372131
116.1	29.1	3.76093292236
116.4	29.1	3.75204539299
116.7	29.1	3.74138903618
117	29.1	3.72942852974
117.3	29.1	3.72373151779
117.6	29.1	3.71898388863
117.9	29.1	3.71271419525
118.2	29.1	3.71965742111
118.5	29.1	3.74483728409
118.8	29.1	3.75825738907
119.1	29.1	3.72742271423
119.4	29.1	3.71048331261
119.7	29.1	3.75665044785
120	29.1	3.77365922928
120.3	29.1	3.74721240997
120.6	29.1	3.71149539948
120.9	29.1	3.70769166946
121.2	29.1	3.72935366631
121.5	29.1	3.74373626709
121.8	29.1	3.74336743355
122.1	29.1	3.73726916313
122.4	29.1	3.72716808319
114	28.8	3.71821546555
114.3	28.8	3.71661138535
114.6	28.8	3.71051597595
114.9	28.8	3.70047211647
115.2	28.8	3.7034611702
115.5	28.8	3.72703766823
115.8	28.8	3.7495007515
116.1	28.8	3.75307941437
116.4	28.8	3.76090526581
116.7	28.8	3.762799263
117	28.8	3.75366926193
117.3	28.8	3.74119949341
117.6	28.8	3.73369598389
117.9	28.8	3.73009538651
118.2	28.8	3.72232532501
118.5	28.8	3.72968149185
118.8	28.8	3.73454451561
119.1	28.8	3.72634959221
119.4	28.8	3.74975919724
119.7	28.8	3.79310584068
120	28.8	3.74880695343
120.3	28.8	3.69567203522
120.6	28.8	3.69278645515
120.9	28.8	3.71971940994
121.2	28.8	3.75631189346
121.5	28.8	3.78126001358
121.8	28.8	3.7650604248
122.1	28.8	3.73890185356
122.4	28.8	3.72272896767
114	28.5	3.71824932098
114.3	28.5	3.71723937988
114.6	28.5	3.71279549599
114.9	28.5	3.70520997047
115.2	28.5	3.70740032196
115.5	28.5	3.72736883163
115.8	28.5	3.74936842918
116.1	28.5	3.75240373611
116.4	28.5	3.74739360809
116.7	28.5	3.74295449257
117	28.5	3.74876284599
117.3	28.5	3.76308059692
117.6	28.5	3.77178263664
117.9	28.5	3.76119208336
118.2	28.5	3.73067069054
118.5	28.5	3.71304559708
118.8	28.5	3.71163892746
119.1	28.5	3.73309254646
119.4	28.5	3.78214025497
119.7	28.5	3.80431604385
120	28.5	3.73943758011
120.3	28.5	3.70151782036
120.6	28.5	3.73080921173
120.9	28.5	3.7609808445
121.2	28.5	3.78005003929
121.5	28.5	3.79388284683
121.8	28.5	3.76605725288
122.1	28.5	3.73467898369
122.4	28.5	3.71961379051
114	28.2	3.71818327904
114.3	28.2	3.71799969673
114.6	28.2	3.71675491333
114.9	28.2	3.7162694931
115.2	28.2	3.72530555725
115.5	28.2	3.74645471573
115.8	28.2	3.76278853416
116.1	28.2	3.75320339203
116.4	28.2	3.72825956345
116.7	28.2	3.71067237854
117	28.2	3.72271943092
117.3	28.2	3.75743579865
117.6	28.2	3.77975440025
117.9	28.2	3.76392960548
118.2	28.2	3.7227935791
118.5	28.2	3.69217777252
118.8	28.2	3.69505262375
119.1	28.2	3.73394322395
119.4	28.2	3.77812719345
119.7	28.2	3.77997899055
120	28.2	3.74105930328
120.3	28.2	3.74322724342
120.6	28.2	3.79412436485
120.9	28.2	3.8129556179
121.2	28.2	3.80036091805
121.5	28.2	3.78866314888
121.8	28.2	3.75412106514
122.1	28.2	3.72702503204
122.4	28.2	3.71717500687
114	27.9	3.71803998947
114.3	27.9	3.71800661087
114.6	27.9	3.71801710129
114.9	27.9	3.71964263916
115.2	27.9	3.72794485092
115.5	27.9	3.74300980568
115.8	27.9	3.75223517418
116.1	27.9	3.74145770073
116.4	27.9	3.71879482269
116.7	27.9	3.70173358917
117	27.9	3.70831227303
117.3	27.9	3.7357673645
117.6	27.9	3.7569797039
117.9	27.9	3.74828267097
118.2	27.9	3.71843314171
118.5	27.9	3.69381403923
118.8	27.9	3.70433712006
119.1	27.9	3.74063968658
119.4	27.9	3.76386642456
119.7	27.9	3.75580072403
120	27.9	3.74362778664
120.3	27.9	3.76244568825
120.6	27.9	3.80423665047
120.9	27.9	3.81200027466
121.2	27.9	3.79096341133
121.5	27.9	3.77046251297
121.8	27.9	3.73993492126
122.1	27.9	3.72138118744
122.4	27.9	3.716401577
114	27.6	3.71797204018
114.3	27.6	3.71790194511
114.6	27.6	3.717710495
114.9	27.6	3.71830558777
115.2	27.6	3.72174787521
115.5	27.6	3.7281999588
115.8	27.6	3.73226690292
116.1	27.6	3.72712993622
116.4	27.6	3.71696281433
116.7	27.6	3.70845961571
117	27.6	3.71007299423
117.3	27.6	3.72177791595
117.6	27.6	3.73253202438
117.9	27.6	3.73169207573
118.2	27.6	3.72091460228
118.5	27.6	3.71332168579
118.8	27.6	3.72555780411
119.1	27.6	3.74487161636
119.4	27.6	3.74792766571
119.7	27.6	3.73574328423
120	27.6	3.73015928268
120.3	27.6	3.74170136452
120.6	27.6	3.7607755661
120.9	27.6	3.76421499252
121.2	27.6	3.75505971909
121.5	27.6	3.74389028549
121.8	27.6	3.72717690468
122.1	27.6	3.71823048592
122.4	27.6	3.71665787697
114	27.3	3.71800422668
114.3	27.3	3.71793556213
114.6	27.3	3.71775484085
114.9	27.3	3.71751642227
115.2	27.3	3.71806073189
115.5	27.3	3.71967458725
115.8	27.3	3.72085309029
116.1	27.3	3.71982502937
116.4	27.3	3.71726799011
116.7	27.3	3.71491646767
117	27.3	3.71476244926
117.3	27.3	3.71748232841
117.6	27.3	3.72078847885
117.9	27.3	3.72129535675
118.2	27.3	3.71942234039
118.5	27.3	3.7191388607
118.8	27.3	3.72596383095
119.1	27.3	3.73262071609
119.4	27.3	3.73008561134
119.7	27.3	3.72213196754
120	27.3	3.7188911438
120.3	27.3	3.72276806831
120.6	27.3	3.7288517952
120.9	27.3	3.73094010353
121.2	27.3	3.72945213318
121.5	27.3	3.72595524788
121.8	27.3	3.72001767159
122.1	27.3	3.71714782715
122.4	27.3	3.71722006798
