115.5	34.8	3.52713322639
115.8	34.8	3.52779197693
116.1	34.8	3.5270087719
116.4	34.8	3.51511764526
116.7	34.8	3.48355317116
117	34.8	3.45648360252
117.3	34.8	3.46278548241
117.6	34.8	3.47821903229
117.9	34.8	3.48331999779
118.2	34.8	3.48443818092
118.5	34.8	3.49835467339
118.8	34.8	3.52866458893
119.1	34.8	3.55231428146
119.4	34.8	3.53970813751
119.7	34.8	3.51945114136
120	34.8	3.5201830864
120.3	34.8	3.52704048157
120.6	34.8	3.52882862091
120.9	34.8	3.52761220932
121.2	34.8	3.52693128586
121.5	34.8	3.5269241333
121.8	34.8	3.5269947052
122.1	34.8	3.5270049572
122.4	34.8	3.52700090408
115.5	34.5	3.5272526741
115.8	34.5	3.52793741226
116.1	34.5	3.52588200569
116.4	34.5	3.50858449936
116.7	34.5	3.4685690403
117	34.5	3.43787908554
117.3	34.5	3.44623827934
117.6	34.5	3.46563148499
117.9	34.5	3.47206830978
118.2	34.5	3.46840572357
118.5	34.5	3.48094654083
118.8	34.5	3.52540922165
119.1	34.5	3.56872415543
119.4	34.5	3.54799222946
119.7	34.5	3.50322008133
120	34.5	3.4989798069
120.3	34.5	3.51694393158
120.6	34.5	3.52782869339
120.9	34.5	3.52860069275
121.2	34.5	3.5273244381
121.5	34.5	3.52691698074
121.8	34.5	3.52693343163
122.1	34.5	3.52698612213
122.4	34.5	3.52700567245
115.5	34.2	3.52725982666
115.8	34.2	3.52768087387
116.1	34.2	3.5244512558
116.4	34.2	3.50598144531
116.7	34.2	3.47012472153
117	34.2	3.44797968864
117.3	34.2	3.4575252533
117.6	34.2	3.47954535484
117.9	34.2	3.49529743195
118.2	34.2	3.49114131927
118.5	34.2	3.48947238922
118.8	34.2	3.52083230019
119.1	34.2	3.5627951622
119.4	34.2	3.5367000103
119.7	34.2	3.47022604942
120	34.2	3.45722103119
120.3	34.2	3.49162817001
120.6	34.2	3.52122116089
120.9	34.2	3.52882909775
121.2	34.2	3.52819347382
121.5	34.2	3.52725887299
121.8	34.2	3.52697730064
122.1	34.2	3.52692747116
122.4	34.2	3.5269780159
115.5	33.9	3.5271756649
115.8	33.9	3.52724742889
116.1	33.9	3.52377986908
116.4	33.9	3.50869584084
116.7	33.9	3.48383259773
117	33.9	3.47112154961
117.3	33.9	3.47650671005
117.6	33.9	3.49382066727
117.9	33.9	3.51593756676
118.2	33.9	3.52139353752
118.5	33.9	3.51646733284
118.8	33.9	3.51947498322
119.1	33.9	3.52925395966
119.4	33.9	3.50085186958
119.7	33.9	3.43413352966
120	33.9	3.41771817207
120.3	33.9	3.46530389786
120.6	33.9	3.51241970062
120.9	33.9	3.52760028839
121.2	33.9	3.52897882462
121.5	33.9	3.52818083763
121.8	33.9	3.5275042057
122.1	33.9	3.52705335617
122.4	33.9	3.52692079544
115.5	33.6	3.52710700035
115.8	33.6	3.52720975876
116.1	33.6	3.52553319931
116.4	33.6	3.51857662201
116.7	33.6	3.5084810257
117	33.6	3.50299620628
117.3	33.6	3.50120663643
117.6	33.6	3.50098729134
117.9	33.6	3.50330591202
118.2	33.6	3.51070952415
118.5	33.6	3.52362084389
118.8	33.6	3.5111849308
119.1	33.6	3.47764110565
119.4	33.6	3.44790053368
119.7	33.6	3.41465258598
120	33.6	3.41869592667
120.3	33.6	3.46754145622
120.6	33.6	3.51043891907
120.9	33.6	3.52363228798
121.2	33.6	3.52655291557
121.5	33.6	3.52793860435
121.8	33.6	3.52833461761
122.1	33.6	3.52770066261
122.4	33.6	3.5270550251
115.5	33.3	3.52710461617
115.8	33.3	3.52735376358
116.1	33.3	3.5278506279
116.4	33.3	3.52929735184
116.7	33.3	3.53306102753
117	33.3	3.53794288635
117.3	33.3	3.53804206848
117.6	33.3	3.52479076385
117.9	33.3	3.49945020676
118.2	33.3	3.49575519562
118.5	33.3	3.51839780807
118.8	33.3	3.4947180748
119.1	33.3	3.42496657372
119.4	33.3	3.38925552368
119.7	33.3	3.40605282784
120	33.3	3.45589399338
120.3	33.3	3.49964046478
120.6	33.3	3.51266741753
120.9	33.3	3.50939369202
121.2	33.3	3.51245808601
121.5	33.3	3.51972222328
121.8	33.3	3.52636837959
122.1	33.3	3.52828717232
122.4	33.3	3.52757096291
115.5	33	3.52707529068
115.8	33	3.52681493759
116.1	33	3.52703738213
116.4	33	3.53085017204
116.7	33	3.53993153572
117	33	3.55079698563
117.3	33	3.55922102928
117.6	33	3.55227732658
117.9	33	3.53094148636
118.2	33	3.53206562996
118.5	33	3.54424023628
118.8	33	3.50346517563
119.1	33	3.41763782501
119.4	33	3.37197446823
119.7	33	3.40779590607
120	33	3.48516273499
120.3	33	3.52211260796
120.6	33	3.49516654015
120.9	33	3.4714884758
121.2	33	3.47943139076
121.5	33	3.49567937851
121.8	33	3.51565742493
122.1	33	3.52648615837
122.4	33	3.52788925171
115.5	32.7	3.52699184418
115.8	32.7	3.52580189705
116.1	32.7	3.52488446236
116.4	32.7	3.52867674828
116.7	32.7	3.53514504433
117	32.7	3.53704619408
117.3	32.7	3.54065060616
117.6	32.7	3.54277586937
117.9	32.7	3.54060006142
118.2	32.7	3.5508389473
118.5	32.7	3.55249285698
118.8	32.7	3.51931643486
119.1	32.7	3.45904517174
119.4	32.7	3.42754292488
119.7	32.7	3.45239543915
120	32.7	3.50233626366
120.3	32.7	3.50552773476
120.6	32.7	3.43439459801
120.9	32.7	3.41557073593
121.2	32.7	3.45247149467
121.5	32.7	3.47062706947
121.8	32.7	3.49965810776
122.1	32.7	3.52134609222
122.4	32.7	3.5270421505
115.5	32.4	3.52650117874
115.8	32.4	3.52386069298
116.1	32.4	3.52310752869
116.4	32.4	3.52995491028
116.7	32.4	3.5320379734
117	32.4	3.5107820034
117.3	32.4	3.49421358109
117.6	32.4	3.51047825813
117.9	32.4	3.53197813034
118.2	32.4	3.54083347321
118.5	32.4	3.52889108658
118.8	32.4	3.51697492599
119.1	32.4	3.49578619003
119.4	32.4	3.48729014397
119.7	32.4	3.50051093102
120	32.4	3.50812554359
120.3	32.4	3.46886110306
120.6	32.4	3.37319922447
120.9	32.4	3.40477442741
121.2	32.4	3.49836373329
121.5	32.4	3.49696493149
121.8	32.4	3.50322031975
122.1	32.4	3.52064204216
122.4	32.4	3.5259513855
115.5	32.1	3.52488493919
115.8	32.1	3.51920104027
116.1	32.1	3.51843118668
116.4	32.1	3.5328912735
116.7	32.1	3.53673052788
117	32.1	3.49026608467
117.3	32.1	3.44306731224
117.6	32.1	3.46719622612
117.9	32.1	3.51314616203
118.2	32.1	3.529743433
118.5	32.1	3.5158970356
118.8	32.1	3.51149439812
119.1	32.1	3.51113820076
119.4	32.1	3.51364636421
119.7	32.1	3.51759290695
120	32.1	3.50819063187
120.3	32.1	3.47459626198
120.6	32.1	3.41016864777
120.9	32.1	3.47240972519
121.2	32.1	3.57610440254
121.5	32.1	3.5563454628
121.8	32.1	3.53465557098
122.1	32.1	3.53179097176
122.4	32.1	3.52766752243
115.5	31.8	3.52272224426
115.8	31.8	3.51198816299
116.1	31.8	3.50673270226
116.4	31.8	3.52622294426
116.7	31.8	3.54464292526
117	31.8	3.50178718567
117.3	31.8	3.43867611885
117.6	31.8	3.44846820831
117.9	31.8	3.4929766655
118.2	31.8	3.51808619499
118.5	31.8	3.51873397827
118.8	31.8	3.51787114143
119.1	31.8	3.52166485786
119.4	31.8	3.51979398727
119.7	31.8	3.50839543343
120	31.8	3.4996638298
120.3	31.8	3.49863767624
120.6	31.8	3.47778630257
120.9	31.8	3.51089167595
121.2	31.8	3.56922912598
121.5	31.8	3.5722386837
121.8	31.8	3.56797838211
122.1	31.8	3.55070114136
122.4	31.8	3.53232216835
115.5	31.5	3.52270460129
115.8	31.5	3.50927758217
116.1	31.5	3.49433922768
116.4	31.5	3.50243139267
116.7	31.5	3.53045892715
117	31.5	3.52522134781
117.3	31.5	3.49079990387
117.6	31.5	3.48800444603
117.9	31.5	3.5037779808
118.2	31.5	3.51406884193
118.5	31.5	3.51753878593
118.8	31.5	3.51462817192
119.1	31.5	3.52102279663
119.4	31.5	3.51746058464
119.7	31.5	3.49494051933
120	31.5	3.48792624474
120.3	31.5	3.51150655746
120.6	31.5	3.51375293732
120.9	31.5	3.5056438446
121.2	31.5	3.51947927475
121.5	31.5	3.55291867256
121.8	31.5	3.57910990715
122.1	31.5	3.55952000618
122.4	31.5	3.53294205666
115.5	31.2	3.52520775795
115.8	31.2	3.5150141716
116.1	31.2	3.49620223045
116.4	31.2	3.48755788803
116.7	31.2	3.50856971741
117	31.2	3.53485870361
117.3	31.2	3.54042625427
117.6	31.2	3.53739738464
117.9	31.2	3.52807974815
118.2	31.2	3.52085518837
118.5	31.2	3.51886987686
118.8	31.2	3.50848007202
119.1	31.2	3.52025008202
119.4	31.2	3.52838921547
119.7	31.2	3.50748157501
120	31.2	3.49707198143
120.3	31.2	3.53103852272
120.6	31.2	3.54407286644
120.9	31.2	3.52652645111
121.2	31.2	3.52780270576
121.5	31.2	3.55929875374
121.8	31.2	3.58110046387
122.1	31.2	3.55429387093
122.4	31.2	3.52516198158
115.5	30.9	3.52740430832
115.8	30.9	3.52328085899
116.1	30.9	3.51138234138
116.4	30.9	3.49993824959
116.7	30.9	3.50991654396
117	30.9	3.53782081604
117.3	30.9	3.55338358879
117.6	30.9	3.5524327755
117.9	30.9	3.54496669769
118.2	30.9	3.54500198364
118.5	30.9	3.54451346397
118.8	30.9	3.52685523033
119.1	30.9	3.53996372223
119.4	30.9	3.55632281303
119.7	30.9	3.53359031677
120	30.9	3.51486206055
120.3	30.9	3.54436802864
120.6	30.9	3.56047844887
120.9	30.9	3.55622267723
121.2	30.9	3.56663870811
121.5	30.9	3.5860080719
121.8	30.9	3.58966827393
122.1	30.9	3.5529229641
122.4	30.9	3.52012372017
115.5	30.6	3.52773451805
115.8	30.6	3.527384758
116.1	30.6	3.52335691452
116.4	30.6	3.51784682274
116.7	30.6	3.52200484276
117	30.6	3.53749704361
117.3	30.6	3.54622650146
117.6	30.6	3.55284690857
117.9	30.6	3.56838583946
118.2	30.6	3.58335995674
118.5	30.6	3.56996011734
118.8	30.6	3.5353512764
119.1	30.6	3.54689764977
119.4	30.6	3.56363010406
119.7	30.6	3.53698539734
120	30.6	3.52138924599
120.3	30.6	3.5408885479
120.6	30.6	3.54905772209
120.9	30.6	3.56238412857
121.2	30.6	3.58511400223
121.5	30.6	3.58815193176
121.8	30.6	3.58061742783
122.1	30.6	3.55541110039
122.4	30.6	3.52816987038
115.5	30.3	3.5272796154
115.8	30.3	3.5277056694
116.1	30.3	3.52724742889
116.4	30.3	3.52561926842
116.7	30.3	3.52616691589
117	30.3	3.52840256691
117.3	30.3	3.52825665474
117.6	30.3	3.54034304619
117.9	30.3	3.57058525085
118.2	30.3	3.58091163635
118.5	30.3	3.5316028595
118.8	30.3	3.48069500923
119.1	30.3	3.50961375237
119.4	30.3	3.54527807236
119.7	30.3	3.53403949738
120	30.3	3.54041099548
120.3	30.3	3.56362700462
120.6	30.3	3.56051874161
120.9	30.3	3.58299160004
121.2	30.3	3.60820627213
121.5	30.3	3.57296538353
121.8	30.3	3.54654312134
122.1	30.3	3.54850006104
122.4	30.3	3.54054474831
115.5	30	3.52700376511
115.8	30	3.52721643448
116.1	30	3.52739524841
116.4	30	3.52715849876
116.7	30	3.52664375305
117	30	3.52440094948
117.3	30	3.51924228668
117.6	30	3.5226123333
117.9	30	3.53961157799
118.2	30	3.53048443794
118.5	30	3.46513152122
118.8	30	3.43511366844
119.1	30	3.49920892715
119.4	30	3.55441451073
119.7	30	3.54608893394
120	30	3.55797433853
120.3	30	3.59258556366
120.6	30	3.58511328697
120.9	30	3.59456086159
121.2	30	3.6126704216
121.5	30	3.57114720345
121.8	30	3.54372525215
122.1	30	3.55424189568
122.4	30	3.54873204231
115.5	29.7	3.52697110176
115.8	29.7	3.5270049572
116.1	29.7	3.52709770203
116.4	29.7	3.52714109421
116.7	29.7	3.52694749832
117	29.7	3.52540016174
117.3	29.7	3.52121138573
117.6	29.7	3.51864910126
117.9	29.7	3.52487230301
118.2	29.7	3.52875781059
118.5	29.7	3.51843595505
118.8	29.7	3.53014469147
119.1	29.7	3.5796122551
119.4	29.7	3.60301089287
119.7	29.7	3.57653069496
120	29.7	3.58157420158
120.3	29.7	3.61360359192
120.6	29.7	3.59678125381
120.9	29.7	3.58725595474
121.2	29.7	3.6009054184
121.5	29.7	3.58386182785
121.8	29.7	3.56804609299
122.1	29.7	3.5645160675
122.4	29.7	3.54782629013
115.5	29.4	3.52699398994
115.8	29.4	3.5269844532
116.1	29.4	3.52700138092
116.4	29.4	3.52704024315
116.7	29.4	3.52711367607
117	29.4	3.52679991722
117.3	29.4	3.52520298958
117.6	29.4	3.52433609962
117.9	29.4	3.53389716148
118.2	29.4	3.56661725044
118.5	29.4	3.60778641701
118.8	29.4	3.62942171097
119.1	29.4	3.63676571846
119.4	29.4	3.63003015518
119.7	29.4	3.60661816597
120	29.4	3.61213254929
120.3	29.4	3.62536144257
120.6	29.4	3.59927582741
120.9	29.4	3.58582282066
121.2	29.4	3.60359811783
121.5	29.4	3.60556817055
121.8	29.4	3.58349776268
122.1	29.4	3.56030225754
122.4	29.4	3.5389084816
115.5	29.1	3.5270011425
115.8	29.1	3.52699685097
116.1	29.1	3.52699279785
116.4	29.1	3.52700209618
116.7	29.1	3.5270678997
117	29.1	3.52713036537
117.3	29.1	3.52674865723
117.6	29.1	3.52690625191
117.9	29.1	3.53602695465
118.2	29.1	3.56888198853
118.5	29.1	3.61546587944
118.8	29.1	3.63421726227
119.1	29.1	3.62433075905
119.4	29.1	3.62212157249
119.7	29.1	3.62216114998
120	29.1	3.61802816391
120.3	29.1	3.60651040077
120.6	29.1	3.58744525909
120.9	29.1	3.58853197098
121.2	29.1	3.62016201019
121.5	29.1	3.63081908226
121.8	29.1	3.58812403679
122.1	29.1	3.54894065857
122.4	29.1	3.53018736839
115.5	28.8	3.52700018883
115.8	28.8	3.52700090408
116.1	28.8	3.5269985199
116.4	28.8	3.52699327469
116.7	28.8	3.52700853348
117	28.8	3.52704954147
117.3	28.8	3.52683520317
117.6	28.8	3.52645277977
117.9	28.8	3.53044652939
118.2	28.8	3.54935050011
118.5	28.8	3.58134531975
118.8	28.8	3.59621572495
119.1	28.8	3.59002327919
119.4	28.8	3.6061398983
119.7	28.8	3.61645913124
120	28.8	3.59032297134
120.3	28.8	3.5683760643
120.6	28.8	3.57337832451
120.9	28.8	3.591329813
121.2	28.8	3.63012242317
121.5	28.8	3.63830780983
121.8	28.8	3.58128499985
122.1	28.8	3.53838205338
122.4	28.8	3.52565264702
115.5	28.5	3.52699995041
115.8	28.5	3.52699995041
116.1	28.5	3.5270011425
116.4	28.5	3.52699828148
116.7	28.5	3.52699518204
117	28.5	3.52701187134
117.3	28.5	3.526866436
117.6	28.5	3.5262594223
117.9	28.5	3.52701854706
118.2	28.5	3.53651976585
118.5	28.5	3.55682778358
118.8	28.5	3.56777667999
119.1	28.5	3.56465792656
119.4	28.5	3.58083224297
119.7	28.5	3.58501076698
120	28.5	3.55430412292
120.3	28.5	3.54713320732
120.6	28.5	3.58270573616
120.9	28.5	3.6131439209
121.2	28.5	3.63999223709
121.5	28.5	3.62821221352
121.8	28.5	3.56621289253
122.1	28.5	3.5305211544
122.4	28.5	3.52435231209
115.5	28.2	3.52699995041
115.8	28.2	3.52699995041
116.1	28.2	3.52699995041
116.4	28.2	3.52700185776
116.7	28.2	3.52699875832
117	28.2	3.52700710297
117.3	28.2	3.52696990967
117.6	28.2	3.5265109539
117.9	28.2	3.52628612518
118.2	28.2	3.53067135811
118.5	28.2	3.5434012413
118.8	28.2	3.55126261711
119.1	28.2	3.54540133476
119.4	28.2	3.5473177433
119.7	28.2	3.54774355888
120	28.2	3.53366827965
120.3	28.2	3.5472445488
120.6	28.2	3.6006500721
120.9	28.2	3.6399512291
121.2	28.2	3.64942979813
121.5	28.2	3.61268997192
121.8	28.2	3.55168581009
122.1	28.2	3.52606511116
122.4	28.2	3.52459931374
115.5	27.9	3.52699995041
115.8	27.9	3.52699995041
116.1	27.9	3.52699971199
116.4	27.9	3.52699995041
116.7	27.9	3.52700304985
117	27.9	3.52700614929
117.3	27.9	3.52700090408
117.6	27.9	3.52678728104
117.9	27.9	3.52637219429
118.2	27.9	3.52827382088
118.5	27.9	3.53552412987
118.8	27.9	3.54027295113
119.1	27.9	3.53238320351
119.4	27.9	3.52697491646
119.7	27.9	3.529088974
120	27.9	3.5284640789
120.3	27.9	3.54671382904
120.6	27.9	3.594404459
120.9	27.9	3.63529229164
121.2	27.9	3.63816332817
121.5	27.9	3.59244894981
121.8	27.9	3.54103374481
122.1	27.9	3.52461290359
122.4	27.9	3.52534770966
115.5	27.6	3.52699995041
115.8	27.6	3.52699995041
116.1	27.6	3.52699995041
116.4	27.6	3.52699947357
116.7	27.6	3.52700042725
117	27.6	3.52700710297
117.3	27.6	3.52701210976
117.6	27.6	3.52691555023
117.9	27.6	3.52660036087
118.2	27.6	3.52715754509
118.5	27.6	3.53061485291
118.8	27.6	3.53326678276
119.1	27.6	3.5284640789
119.4	27.6	3.52439928055
119.7	27.6	3.52607369423
120	27.6	3.52739834785
120.3	27.6	3.53813505173
120.6	27.6	3.56752514839
120.9	27.6	3.60012769699
121.2	27.6	3.603058815
121.5	27.6	3.56689023972
121.8	27.6	3.53301405907
122.1	27.6	3.52468156815
122.4	27.6	3.52607440948
115.5	27.3	3.52699995041
115.8	27.3	3.52699995041
116.1	27.3	3.52699995041
116.4	27.3	3.52699995041
116.7	27.3	3.52699923515
117	27.3	3.52700281143
117.3	27.3	3.52701425552
117.6	27.3	3.52698516846
117.9	27.3	3.52678132057
118.2	27.3	3.5267264843
118.5	27.3	3.5280046463
118.8	27.3	3.52941417694
119.1	27.3	3.52800703049
119.4	27.3	3.52633690834
119.7	27.3	3.52660679817
120	27.3	3.5261092186
120.3	27.3	3.52936124802
120.6	27.3	3.54260182381
120.9	27.3	3.56130695343
121.2	27.3	3.56331658363
121.5	27.3	3.54358959198
121.8	27.3	3.52765321732
122.1	27.3	3.52519321442
122.4	27.3	3.52663254738
