115.5	34.8	3.20166039467
115.8	34.8	3.20181083679
116.1	34.8	3.20074987411
116.4	34.8	3.1850836277
116.7	34.8	3.14172577858
117	34.8	3.11060523987
117.3	34.8	3.14176392555
117.6	34.8	3.18164730072
117.9	34.8	3.19358682632
118.2	34.8	3.19233870506
118.5	34.8	3.20736050606
118.8	34.8	3.2385623455
119.1	34.8	3.24831843376
119.4	34.8	3.21851730347
119.7	34.8	3.19767856598
120	34.8	3.19862818718
120.3	34.8	3.20185852051
120.6	34.8	3.20197868347
120.9	34.8	3.2012784481
121.2	34.8	3.20092010498
121.5	34.8	3.20094418526
121.8	34.8	3.20100164413
122.1	34.8	3.2010037899
122.4	34.8	3.20100021362
115.5	34.5	3.20115709305
115.8	34.5	3.20177555084
116.1	34.5	3.1996614933
116.4	34.5	3.17887020111
116.7	34.5	3.12553167343
117	34.5	3.08990907669
117.3	34.5	3.13314986229
117.6	34.5	3.18924999237
117.9	34.5	3.20073318481
118.2	34.5	3.18561053276
118.5	34.5	3.20144104958
118.8	34.5	3.25283503532
119.1	34.5	3.27087378502
119.4	34.5	3.22101902962
119.7	34.5	3.18513131142
120	34.5	3.18845176697
120.3	34.5	3.19831728935
120.6	34.5	3.20222210884
120.9	34.5	3.2022690773
121.2	34.5	3.20128369331
121.5	34.5	3.20086717606
121.8	34.5	3.20094156265
122.1	34.5	3.20100140572
122.4	34.5	3.20100355148
115.5	34.2	3.20104765892
115.8	34.2	3.2014837265
116.1	34.2	3.19958591461
116.4	34.2	3.1834230423
116.7	34.2	3.14322829247
117	34.2	3.11863446236
117.3	34.2	3.15880179405
117.6	34.2	3.21261143684
117.9	34.2	3.21897435188
118.2	34.2	3.18627166748
118.5	34.2	3.18747806549
118.8	34.2	3.24190092087
119.1	34.2	3.26025724411
119.4	34.2	3.19549155235
119.7	34.2	3.15242099762
120	34.2	3.16341710091
120.3	34.2	3.18448996544
120.6	34.2	3.197920084
120.9	34.2	3.20309925079
121.2	34.2	3.20269560814
121.5	34.2	3.20122313499
121.8	34.2	3.20086240768
122.1	34.2	3.20094561577
122.4	34.2	3.20099711418
115.5	33.9	3.20101118088
115.8	33.9	3.20113039017
116.1	33.9	3.20069289207
116.4	33.9	3.19499373436
116.7	33.9	3.17674779892
117	33.9	3.16262388229
117.3	33.9	3.18668174744
117.6	33.9	3.22393488884
117.9	33.9	3.22393536568
118.2	33.9	3.18755865097
118.5	33.9	3.17513728142
118.8	33.9	3.21203374863
119.1	33.9	3.21436619759
119.4	33.9	3.14104104042
119.7	33.9	3.10236024857
120	33.9	3.12849926949
120.3	33.9	3.15913295746
120.6	33.9	3.18134379387
120.9	33.9	3.19847822189
121.2	33.9	3.20448493958
121.5	33.9	3.20274662971
121.8	33.9	3.20122885704
122.1	33.9	3.20093226433
122.4	33.9	3.20095014572
115.5	33.6	3.2009935379
115.8	33.6	3.20076680183
116.1	33.6	3.20177507401
116.4	33.6	3.20621418953
116.7	33.6	3.20689129829
117	33.6	3.19953370094
117.3	33.6	3.20814919472
117.6	33.6	3.22128415108
117.9	33.6	3.20369005203
118.2	33.6	3.17672729492
118.5	33.6	3.17555975914
118.8	33.6	3.18469333649
119.1	33.6	3.14930009842
119.4	33.6	3.07278060913
119.7	33.6	3.0506503582
120	33.6	3.09894227982
120.3	33.6	3.12698125839
120.6	33.6	3.13937282562
120.9	33.6	3.17322635651
121.2	33.6	3.20027637482
121.5	33.6	3.20423173904
121.8	33.6	3.2022497654
122.1	33.6	3.20134472847
122.4	33.6	3.20098304749
115.5	33.3	3.20088386536
115.8	33.3	3.19964671135
116.1	33.3	3.1997718811
116.4	33.3	3.20937299728
116.7	33.3	3.22480416298
117	33.3	3.23337364197
117.3	33.3	3.24217247963
117.6	33.3	3.23272871971
117.9	33.3	3.19315481186
118.2	33.3	3.17733049393
118.5	33.3	3.19928455353
118.8	33.3	3.17090749741
119.1	33.3	3.07854413986
119.4	33.3	3.00006699562
119.7	33.3	2.99706602097
120	33.3	3.0662214756
120.3	33.3	3.08307337761
120.6	33.3	3.05937623978
120.9	33.3	3.10864520073
121.2	33.3	3.17893815041
121.5	33.3	3.20050787926
121.8	33.3	3.20160961151
122.1	33.3	3.20187473297
122.4	33.3	3.20134854317
115.5	33	3.20051860809
115.8	33	3.19751048088
116.1	33	3.19500923157
116.4	33	3.20484733582
116.7	33	3.22690677643
117	33	3.25000667572
117.3	33	3.26900577545
117.6	33	3.25646829605
117.9	33	3.22119379044
118.2	33	3.21892952919
118.5	33	3.23961639404
118.8	33	3.17537164688
119.1	33	3.04329824448
119.4	33	2.95920276642
119.7	33	2.94683551788
120	33	3.01112055779
120.3	33	3.02707481384
120.6	33	2.96249461174
120.9	33	3.02048778534
121.2	33	3.14861488342
121.5	33	3.1905605793
121.8	33	3.19516181946
122.1	33	3.20035290718
122.4	33	3.20168042183
115.5	32.7	3.19995617867
115.8	32.7	3.19595146179
116.1	32.7	3.1945271492
116.4	32.7	3.20765161514
116.7	32.7	3.22495102882
117	32.7	3.2333612442
117.3	32.7	3.24342870712
117.6	32.7	3.24472165108
117.9	32.7	3.23980093002
118.2	32.7	3.24427866936
118.5	32.7	3.23752355576
118.8	32.7	3.17425847054
119.1	32.7	3.07950139046
119.4	32.7	3.02386879921
119.7	32.7	2.98090076447
120	32.7	2.98907518387
120.3	32.7	2.99807476997
120.6	32.7	2.91343379021
120.9	32.7	2.98696351051
121.2	32.7	3.16453027725
121.5	32.7	3.19446611404
121.8	32.7	3.18597793579
122.1	32.7	3.19588112831
122.4	32.7	3.20090651512
115.5	32.4	3.1992354393
115.8	32.4	3.19572353363
116.1	32.4	3.20102357864
116.4	32.4	3.22477650642
116.7	32.4	3.23345947266
117	32.4	3.20177078247
117.3	32.4	3.18134617805
117.6	32.4	3.20744228363
117.9	32.4	3.24429821968
118.2	32.4	3.24813652039
118.5	32.4	3.20817112923
118.8	32.4	3.16314959526
119.1	32.4	3.13404631615
119.4	32.4	3.13012123108
119.7	32.4	3.0801718235
120	32.4	3.02284455299
120.3	32.4	2.9996612072
120.6	32.4	2.92842483521
120.9	32.4	3.05813956261
121.2	32.4	3.25881886482
121.5	32.4	3.23098611832
121.8	32.4	3.18838882446
122.1	32.4	3.19480514526
122.4	32.4	3.19999718666
115.5	32.1	3.19859576225
115.8	32.1	3.19634580612
116.1	32.1	3.21045064926
116.4	32.1	3.24874997139
116.7	32.1	3.25405359268
117	32.1	3.18026590347
117.3	32.1	3.12113857269
117.6	32.1	3.16746068001
117.9	32.1	3.23824214935
118.2	32.1	3.24321866035
118.5	32.1	3.19390034676
118.8	32.1	3.16446828842
119.1	32.1	3.16091489792
119.4	32.1	3.16620087624
119.7	32.1	3.13571619987
120	32.1	3.09352278709
120.3	32.1	3.08562517166
120.6	32.1	3.05681109428
120.9	32.1	3.17370653152
121.2	32.1	3.3039457798
121.5	32.1	3.24659466743
121.8	32.1	3.20589995384
122.1	32.1	3.20474743843
122.4	32.1	3.20189619064
115.5	31.8	3.1988363266
115.8	31.8	3.19825792313
116.1	31.8	3.21653485298
116.4	31.8	3.26156115532
116.7	31.8	3.27359318733
117	31.8	3.19679999352
117.3	31.8	3.11797642708
117.6	31.8	3.14860105515
117.9	31.8	3.21351909637
118.2	31.8	3.21883702278
118.5	31.8	3.19162106514
118.8	31.8	3.18675351143
119.1	31.8	3.18799495697
119.4	31.8	3.1643140316
119.7	31.8	3.12574911118
120	31.8	3.13355994225
120.3	31.8	3.17789125443
120.6	31.8	3.18654870987
120.9	31.8	3.22202754021
121.2	31.8	3.25438117981
121.5	31.8	3.24204087257
121.8	31.8	3.23956799507
122.1	31.8	3.22316455841
122.4	31.8	3.20553207397
115.5	31.5	3.20028066635
115.8	31.5	3.2016658783
116.1	31.5	3.21574378014
116.4	31.5	3.24673700333
116.7	31.5	3.26268577576
117	31.5	3.22935342789
117.3	31.5	3.17954325676
117.6	31.5	3.17899608612
117.9	31.5	3.19860744476
118.2	31.5	3.18555784225
118.5	31.5	3.17543244362
118.8	31.5	3.19066977501
119.1	31.5	3.20689940453
119.4	31.5	3.18095707893
119.7	31.5	3.13396334648
120	31.5	3.15637278557
120.3	31.5	3.21553778648
120.6	31.5	3.22786998749
120.9	31.5	3.20414733887
121.2	31.5	3.20416331291
121.5	31.5	3.24470615387
121.8	31.5	3.25900554657
122.1	31.5	3.22722697258
122.4	31.5	3.20277762413
115.5	31.2	3.2012655735
115.8	31.2	3.20352935791
116.1	31.2	3.21110582352
116.4	31.2	3.22482132912
116.7	31.2	3.2415895462
117	31.2	3.25352907181
117.3	31.2	3.24689459801
117.6	31.2	3.23283624649
117.9	31.2	3.2144370079
118.2	31.2	3.17607331276
118.5	31.2	3.15759587288
118.8	31.2	3.16872119904
119.1	31.2	3.19864153862
119.4	31.2	3.20279073715
119.7	31.2	3.1775701046
120	31.2	3.18938565254
120.3	31.2	3.21391940117
120.6	31.2	3.20752024651
120.9	31.2	3.19518756866
121.2	31.2	3.22336292267
121.5	31.2	3.26518511772
121.8	31.2	3.26049828529
122.1	31.2	3.22132968903
122.4	31.2	3.19561958313
115.5	30.9	3.20094203949
115.8	30.9	3.20230007172
116.1	30.9	3.20660185814
116.4	30.9	3.21671175957
116.7	30.9	3.23915100098
117	30.9	3.27009129524
117.3	30.9	3.2796318531
117.6	30.9	3.26800775528
117.9	30.9	3.25082683563
118.2	30.9	3.21613407135
118.5	30.9	3.18752145767
118.8	30.9	3.18113660812
119.1	30.9	3.20945191383
119.4	30.9	3.2253279686
119.7	30.9	3.22020101547
120	30.9	3.22699093819
120.3	30.9	3.20707774162
120.6	30.9	3.18915247917
120.9	30.9	3.22006797791
121.2	30.9	3.26387071609
121.5	30.9	3.27328586578
121.8	30.9	3.26087808609
122.1	30.9	3.23312878609
122.4	30.9	3.20240712166
115.5	30.6	3.20063018799
115.8	30.6	3.20069646835
116.1	30.6	3.20268344879
116.4	30.6	3.21100187302
116.7	30.6	3.23417305946
117	30.6	3.26666593552
117.3	30.6	3.27975034714
117.6	30.6	3.27953362465
117.9	30.6	3.28813838959
118.2	30.6	3.28205966949
118.5	30.6	3.25141453743
118.8	30.6	3.23298048973
119.1	30.6	3.25695610046
119.4	30.6	3.26114344597
119.7	30.6	3.25604176521
120	30.6	3.2596681118
120.3	30.6	3.21680378914
120.6	30.6	3.20327544212
120.9	30.6	3.24263954163
121.2	30.6	3.2581012249
121.5	30.6	3.24346971512
121.8	30.6	3.25006747246
122.1	30.6	3.25347661972
122.4	30.6	3.22570466995
115.5	30.3	3.20078516006
115.8	30.3	3.20032382011
116.1	30.3	3.2002260685
116.4	30.3	3.20367670059
116.7	30.3	3.21681284904
117	30.3	3.23766827583
117.3	30.3	3.25190281868
117.6	30.3	3.26783061028
117.9	30.3	3.29643058777
118.2	30.3	3.29761481285
118.5	30.3	3.24771499634
118.8	30.3	3.22590017319
119.1	30.3	3.26557183266
119.4	30.3	3.28094649315
119.7	30.3	3.27375483513
120	30.3	3.27386856079
120.3	30.3	3.2476708889
120.6	30.3	3.2388086319
120.9	30.3	3.24473929405
121.2	30.3	3.23661518097
121.5	30.3	3.23008275032
121.8	30.3	3.24082612991
122.1	30.3	3.25598025322
122.4	30.3	3.23881530762
115.5	30	3.2010037899
115.8	30	3.20071721077
116.1	30	3.20003294945
116.4	30	3.2000746727
116.7	30	3.20435118675
117	30	3.21430540085
117.3	30	3.22660446167
117.6	30	3.24525165558
117.9	30	3.26877236366
118.2	30	3.25273704529
118.5	30	3.18405199051
118.8	30	3.17184376717
119.1	30	3.24244761467
119.4	30	3.28838896751
119.7	30	3.28183436394
120	30	3.28920435905
120.3	30	3.29917740822
120.6	30	3.28172564507
120.9	30	3.25465464592
121.2	30	3.25626587868
121.5	30	3.27474451065
121.8	30	3.27032589912
122.1	30	3.25677466393
122.4	30	3.23206686974
115.5	29.7	3.20104432106
115.8	29.7	3.2010140419
116.1	29.7	3.20064902306
116.4	29.7	3.19992756844
116.7	29.7	3.20014858246
117	29.7	3.20338177681
117.3	29.7	3.21084141731
117.6	29.7	3.22480607033
117.9	29.7	3.24309754372
118.2	29.7	3.24453139305
118.5	29.7	3.22721910477
118.8	29.7	3.24520421028
119.1	29.7	3.3006606102
119.4	29.7	3.32459282875
119.7	29.7	3.29475021362
120	29.7	3.29424118996
120.3	29.7	3.31197309494
120.6	29.7	3.28896379471
120.9	29.7	3.26057076454
121.2	29.7	3.28159093857
121.5	29.7	3.31232309341
121.8	29.7	3.29734659195
122.1	29.7	3.25873827934
122.4	29.7	3.22240376472
115.5	29.4	3.20100998878
115.8	29.4	3.20105218887
116.1	29.4	3.20100903511
116.4	29.4	3.20062971115
116.7	29.4	3.20004415512
117	29.4	3.20030331612
117.3	29.4	3.20335769653
117.6	29.4	3.21291875839
117.9	29.4	3.23473834991
118.2	29.4	3.27229380608
118.5	29.4	3.31323647499
118.8	29.4	3.33718085289
119.1	29.4	3.34684681892
119.4	29.4	3.33378148079
119.7	29.4	3.30258202553
120	29.4	3.30025887489
120.3	29.4	3.30498123169
120.6	29.4	3.2850458622
120.9	29.4	3.27084040642
121.2	29.4	3.2994582653
121.5	29.4	3.31897687912
121.8	29.4	3.29023265839
122.1	29.4	3.24456691742
122.4	29.4	3.21142864227
115.5	29.1	3.20099663734
115.8	29.1	3.20101189613
116.1	29.1	3.2010512352
116.4	29.1	3.20099425316
116.7	29.1	3.20067024231
117	29.1	3.20022702217
117.3	29.1	3.20061349869
117.6	29.1	3.20505666733
117.9	29.1	3.22199845314
118.2	29.1	3.26302313805
118.5	29.1	3.31846570969
118.8	29.1	3.34861588478
119.1	29.1	3.33713626862
119.4	29.1	3.31473255157
119.7	29.1	3.31356263161
120	29.1	3.30932641029
120.3	29.1	3.29108309746
120.6	29.1	3.28036236763
120.9	29.1	3.28307056427
121.2	29.1	3.3133430481
121.5	29.1	3.31683254242
121.8	29.1	3.27057337761
122.1	29.1	3.22495722771
122.4	29.1	3.20287513733
115.5	28.8	3.20099902153
115.8	28.8	3.20099687576
116.1	28.8	3.20101308823
116.4	28.8	3.20104074478
116.7	28.8	3.20097756386
117	28.8	3.20069026947
117.3	28.8	3.20020914078
117.6	28.8	3.20081305504
117.9	28.8	3.20830559731
118.2	28.8	3.23384237289
118.5	28.8	3.27868533134
118.8	28.8	3.31091022491
119.1	28.8	3.30122923851
119.4	28.8	3.29994249344
119.7	28.8	3.32664966583
120	28.8	3.30841016769
120.3	28.8	3.27532124519
120.6	28.8	3.27784323692
120.9	28.8	3.29256606102
121.2	28.8	3.32143163681
121.5	28.8	3.31198501587
121.8	28.8	3.25263690948
122.1	28.8	3.21092700958
122.4	28.8	3.19902801514
115.5	28.5	3.2009999752
115.8	28.5	3.20099902153
116.1	28.5	3.20099854469
116.4	28.5	3.20101261139
116.7	28.5	3.20102667809
117	28.5	3.20095467567
117.3	28.5	3.20060300827
117.6	28.5	3.19998002052
117.9	28.5	3.20174956322
118.2	28.5	3.21459388733
118.5	28.5	3.24439454079
118.8	28.5	3.26929116249
119.1	28.5	3.27098727226
119.4	28.5	3.29357218742
119.7	28.5	3.31942486763
120	28.5	3.28648233414
120.3	28.5	3.26126360893
120.6	28.5	3.28559207916
120.9	28.5	3.3142054081
121.2	28.5	3.33478879929
121.5	28.5	3.3045527935
121.8	28.5	3.23691368103
122.1	28.5	3.20294213295
122.4	28.5	3.19830965996
115.5	28.2	3.2009999752
115.8	28.2	3.2009999752
116.1	28.2	3.20099925995
116.4	28.2	3.2010011673
116.7	28.2	3.20101189613
117	28.2	3.20101690292
117.3	28.2	3.20090174675
117.6	28.2	3.20033526421
117.9	28.2	3.1999900341
118.2	28.2	3.20527553558
118.5	28.2	3.22310328484
118.8	28.2	3.24359750748
119.1	28.2	3.25937867165
119.4	28.2	3.28616046906
119.7	28.2	3.29085373878
120	28.2	3.25570607185
120.3	28.2	3.24939990044
120.6	28.2	3.29452133179
120.9	28.2	3.34194087982
121.2	28.2	3.35201978683
121.5	28.2	3.2955262661
121.8	28.2	3.22433185577
122.1	28.2	3.19904327393
122.4	28.2	3.19873976707
115.5	27.9	3.2009999752
115.8	27.9	3.2009999752
116.1	27.9	3.20099973679
116.4	27.9	3.20099949837
116.7	27.9	3.2010037899
117	27.9	3.20101666451
117.3	27.9	3.20099949837
117.6	27.9	3.2006855011
117.9	27.9	3.19997572899
118.2	27.9	3.20195674896
118.5	27.9	3.21369886398
118.8	27.9	3.23443841934
119.1	27.9	3.25721478462
119.4	27.9	3.27257442474
119.7	27.9	3.25922393799
120	27.9	3.23203396797
120.3	27.9	3.2366938591
120.6	27.9	3.28562641144
120.9	27.9	3.34381771088
121.2	27.9	3.34822750092
121.5	27.9	3.27942013741
121.8	27.9	3.21509242058
122.1	27.9	3.19794297218
122.4	27.9	3.19944572449
115.5	27.6	3.2009999752
115.8	27.6	3.2009999752
116.1	27.6	3.2009999752
116.4	27.6	3.20099949837
116.7	27.6	3.2009999752
117	27.6	3.20100975037
117.3	27.6	3.20102381706
117.6	27.6	3.2008767128
117.9	27.6	3.20028042793
118.2	27.6	3.20078611374
118.5	27.6	3.20803499222
118.8	27.6	3.22538375854
119.1	27.6	3.24458122253
119.4	27.6	3.24852514267
119.7	27.6	3.23140144348
120	27.6	3.21489882469
120.3	27.6	3.22087645531
120.6	27.6	3.25751233101
120.9	27.6	3.3075466156
121.2	27.6	3.309715271
121.5	27.6	3.2524535656
121.8	27.6	3.20740962029
122.1	27.6	3.19825339317
122.4	27.6	3.20012903214
115.5	27.3	3.2009999752
115.8	27.3	3.2009999752
116.1	27.3	3.2009999752
116.4	27.3	3.20099973679
116.7	27.3	3.20099878311
117	27.3	3.20100355148
117.3	27.3	3.20102357864
117.6	27.3	3.20098662376
117.9	27.3	3.20057630539
118.2	27.3	3.20016002655
118.5	27.3	3.20293807983
118.8	27.3	3.21176052094
119.1	27.3	3.22137355804
119.4	27.3	3.22061538696
119.7	27.3	3.21049165726
120	27.3	3.20332765579
120.3	27.3	3.20675063133
120.6	27.3	3.22577786446
120.9	27.3	3.25467658043
121.2	27.3	3.25524425507
121.5	27.3	3.22315359116
121.8	27.3	3.2014529705
122.1	27.3	3.19895386696
122.4	27.3	3.20065736771
