115.5	34.8	3.45368742943
115.8	34.8	3.45504927635
116.1	34.8	3.45377397537
116.4	34.8	3.43655204773
116.7	34.8	3.3931388855
117	34.8	3.36034798622
117.3	34.8	3.37729406357
117.6	34.8	3.40512180328
117.9	34.8	3.41815233231
118.2	34.8	3.42456388474
118.5	34.8	3.43697762489
118.8	34.8	3.45437169075
119.1	34.8	3.46830153465
119.4	34.8	3.45882582664
119.7	34.8	3.44135928154
120	34.8	3.44495487213
120.3	34.8	3.45423865318
120.6	34.8	3.45658302307
120.9	34.8	3.45491433144
121.2	34.8	3.45389938354
121.5	34.8	3.45388674736
121.8	34.8	3.45399785042
122.1	34.8	3.45400500298
122.4	34.8	3.45400047302
115.5	34.5	3.45413517952
115.8	34.5	3.45524930954
116.1	34.5	3.45220971107
116.4	34.5	3.42791128159
116.7	34.5	3.37311053276
117	34.5	3.33551263809
117.3	34.5	3.3576772213
117.6	34.5	3.39391326904
117.9	34.5	3.41156458855
118.2	34.5	3.41477060318
118.5	34.5	3.42537999153
118.8	34.5	3.45488643646
119.1	34.5	3.48706102371
119.4	34.5	3.46687412262
119.7	34.5	3.4200758934
120	34.5	3.41779494286
120.3	34.5	3.44098520279
120.6	34.5	3.4552090168
120.9	34.5	3.45643138885
121.2	34.5	3.45457172394
121.5	34.5	3.45386910439
121.8	34.5	3.45392084122
122.1	34.5	3.45399594307
122.4	34.5	3.45400357246
115.5	34.2	3.45433616638
115.8	34.2	3.45494961739
116.1	34.2	3.45101952553
116.4	34.2	3.42752742767
116.7	34.2	3.38099646568
117	34.2	3.35381770134
117.3	34.2	3.37369251251
117.6	34.2	3.40917086601
117.9	34.2	3.43504309654
118.2	34.2	3.43701410294
118.5	34.2	3.43446159363
118.8	34.2	3.45587396622
119.1	34.2	3.48861765862
119.4	34.2	3.45752644539
119.7	34.2	3.38114118576
120	34.2	3.36587405205
120.3	34.2	3.40756750107
120.6	34.2	3.44538712502
120.9	34.2	3.45665001869
121.2	34.2	3.45596933365
121.5	34.2	3.45434093475
121.8	34.2	3.45392751694
122.1	34.2	3.45395064354
122.4	34.2	3.4539899826
115.5	33.9	3.45422458649
115.8	33.9	3.45441198349
116.1	33.9	3.45103383064
116.4	33.9	3.43470335007
116.7	33.9	3.40620326996
117	33.9	3.39127755165
117.3	33.9	3.40101480484
117.6	33.9	3.42611980438
117.9	33.9	3.45555090904
118.2	33.9	3.46397686005
118.5	33.9	3.45697927475
118.8	33.9	3.45505928993
119.1	33.9	3.4576125145
119.4	33.9	3.42050409317
119.7	33.9	3.33964586258
120	33.9	3.31610894203
120.3	33.9	3.36939144135
120.6	33.9	3.42869257927
120.9	33.9	3.45286393166
121.2	33.9	3.45678520203
121.5	33.9	3.45538973808
121.8	33.9	3.4542965889
122.1	33.9	3.4540207386
122.4	33.9	3.45396876335
115.5	33.6	3.45408582687
115.8	33.6	3.45430016518
116.1	33.6	3.45318865776
116.4	33.6	3.44712376595
116.7	33.6	3.4371445179
117	33.6	3.43061137199
117.3	33.6	3.43113398552
117.6	33.6	3.43838143349
117.9	33.6	3.44689440727
118.2	33.6	3.45266580582
118.5	33.6	3.45946526527
118.8	33.6	3.44013786316
119.1	33.6	3.39788079262
119.4	33.6	3.36142873764
119.7	33.6	3.31756329536
120	33.6	3.31269359589
120.3	33.6	3.36067461967
120.6	33.6	3.41349005699
120.9	33.6	3.44098067284
121.2	33.6	3.45266461372
121.5	33.6	3.45520162582
121.8	33.6	3.45471215248
122.1	33.6	3.45430493355
122.4	33.6	3.45406532288
115.5	33.3	3.45406961441
115.8	33.3	3.45442438126
116.1	33.3	3.45542931557
116.4	33.3	3.45767831802
116.7	33.3	3.46135544777
117	33.3	3.46529722214
117.3	33.3	3.46932959557
117.6	33.3	3.46590447426
117.9	33.3	3.4449608326
118.2	33.3	3.43523192406
118.5	33.3	3.45169138908
118.8	33.3	3.41818499565
119.1	33.3	3.33478355408
119.4	33.3	3.29599475861
119.7	33.3	3.30984425545
120	33.3	3.35150384903
120.3	33.3	3.38533949852
120.6	33.3	3.39796280861
120.9	33.3	3.41315317154
121.2	33.3	3.4372985363
121.5	33.3	3.45002508163
121.8	33.3	3.45335245132
122.1	33.3	3.45422363281
122.4	33.3	3.45426821709
115.5	33	3.45403265953
115.8	33	3.45387721062
116.1	33	3.45434331894
116.4	33	3.45794844627
116.7	33	3.4657971859
117	33	3.47653198242
117.3	33	3.49165439606
117.6	33	3.4940302372
117.9	33	3.47098994255
118.2	33	3.46194076538
118.5	33	3.4731400013
118.8	33	3.42933130264
119.1	33	3.32871389389
119.4	33	3.27828264236
119.7	33	3.31365895271
120	33	3.38295006752
120.3	33	3.40412211418
120.6	33	3.36541795731
120.9	33	3.3653755188
121.2	33	3.41513395309
121.5	33	3.4417746067
121.8	33	3.44892334938
122.1	33	3.45272111893
122.4	33	3.45405173302
115.5	32.7	3.45393919945
115.8	32.7	3.45297455788
116.1	32.7	3.45214605331
116.4	32.7	3.45473456383
116.7	32.7	3.45882940292
117	32.7	3.46064138412
117.3	32.7	3.4722495079
117.6	32.7	3.48138141632
117.9	32.7	3.47411513329
118.2	32.7	3.47439694405
118.5	32.7	3.47722554207
118.8	32.7	3.44827651978
119.1	32.7	3.38042736053
119.4	32.7	3.34230518341
119.7	32.7	3.36050796509
120	32.7	3.39990282059
120.3	32.7	3.3907828331
120.6	32.7	3.30664134026
120.9	32.7	3.32061266899
121.2	32.7	3.42264652252
121.5	32.7	3.45080852509
121.8	32.7	3.44750237465
122.1	32.7	3.45030426979
122.4	32.7	3.45303893089
115.5	32.4	3.4536113739
115.8	32.4	3.45179438591
116.1	32.4	3.45173716545
116.4	32.4	3.45790314674
116.7	32.4	3.4582285881
117	32.4	3.43538951874
117.3	32.4	3.42349457741
117.6	32.4	3.44523239136
117.9	32.4	3.46541619301
118.2	32.4	3.46955275536
118.5	32.4	3.45587921143
118.8	32.4	3.44500112534
119.1	32.4	3.42004418373
119.4	32.4	3.40678787231
119.7	32.4	3.40861606598
120	32.4	3.40310502052
120.3	32.4	3.35942196846
120.6	32.4	3.2607011795
120.9	32.4	3.33330798149
121.2	32.4	3.49788045883
121.5	32.4	3.49844193459
121.8	32.4	3.45912361145
122.1	32.4	3.45153522491
122.4	32.4	3.45215392113
115.5	32.1	3.45261144638
115.8	32.1	3.44918274879
116.1	32.1	3.45091438293
116.4	32.1	3.46669840813
116.7	32.1	3.46963524818
117	32.1	3.41559815407
117.3	32.1	3.36351966858
117.6	32.1	3.39244055748
117.9	32.1	3.44359660149
118.2	32.1	3.46108984947
118.5	32.1	3.4454202652
118.8	32.1	3.43788933754
119.1	32.1	3.43088507652
119.4	32.1	3.42724585533
119.7	32.1	3.42483997345
120	32.1	3.41162395477
120.3	32.1	3.38343548775
120.6	32.1	3.32155013084
120.9	32.1	3.40480566025
121.2	32.1	3.54720950127
121.5	32.1	3.52523255348
121.8	32.1	3.47531795502
122.1	32.1	3.45910143852
122.4	32.1	3.45361924171
115.5	31.8	3.45122742653
115.8	31.8	3.44433093071
116.1	31.8	3.44331693649
116.4	31.8	3.46548700333
116.7	31.8	3.48357725143
117	31.8	3.43021297455
117.3	31.8	3.35632109642
117.6	31.8	3.36956787109
117.9	31.8	3.4200193882
118.2	31.8	3.44608855247
118.5	31.8	3.44689321518
118.8	31.8	3.44611096382
119.1	31.8	3.44562792778
119.4	31.8	3.43571138382
119.7	31.8	3.42062187195
120	31.8	3.41987800598
120.3	31.8	3.43057060242
120.6	31.8	3.4108979702
120.9	31.8	3.44171977043
121.2	31.8	3.50456023216
121.5	31.8	3.50487422943
121.8	31.8	3.49313354492
122.1	31.8	3.47479343414
122.4	31.8	3.45816969872
115.5	31.5	3.45114636421
115.8	31.5	3.44146347046
116.1	31.5	3.43041491508
116.4	31.5	3.43986964226
116.7	31.5	3.46708416939
117	31.5	3.45502877235
117.3	31.5	3.41369104385
117.6	31.5	3.41331553459
117.9	31.5	3.43174958229
118.2	31.5	3.43957901001
118.5	31.5	3.44287395477
118.8	31.5	3.44328665733
119.1	31.5	3.44970679283
119.4	31.5	3.43961191177
119.7	31.5	3.41396331787
120	31.5	3.41885328293
120.3	31.5	3.45081186295
120.6	31.5	3.44965720177
120.9	31.5	3.43813824654
121.2	31.5	3.45097994804
121.5	31.5	3.48027729988
121.8	31.5	3.50305008888
122.1	31.5	3.48424887657
122.4	31.5	3.45895648003
115.5	31.2	3.45281195641
115.8	31.2	3.44479060173
116.1	31.2	3.42841911316
116.4	31.2	3.42030739784
116.7	31.2	3.44097948074
117	31.2	3.4654250145
117.3	31.2	3.46892118454
117.6	31.2	3.46672511101
117.9	31.2	3.45749163628
118.2	31.2	3.44424653053
118.5	31.2	3.43837070465
118.8	31.2	3.43124389648
119.1	31.2	3.44631505013
119.4	31.2	3.45222663879
119.7	31.2	3.4300661087
120	31.2	3.42787265778
120.3	31.2	3.46029877663
120.6	31.2	3.4668700695
120.9	31.2	3.45347523689
121.2	31.2	3.46057200432
121.5	31.2	3.49080705643
121.8	31.2	3.51032733917
122.1	31.2	3.48254227638
122.4	31.2	3.45176911354
115.5	30.9	3.45437884331
115.8	30.9	3.45102500916
116.1	30.9	3.44068527222
116.4	30.9	3.43125677109
116.7	30.9	3.44396805763
117	30.9	3.47373795509
117.3	30.9	3.48784255981
117.6	30.9	3.48488140106
117.9	30.9	3.47607731819
118.2	30.9	3.46850538254
118.5	30.9	3.459877491
118.8	30.9	3.44438862801
119.1	30.9	3.46486544609
119.4	30.9	3.48299431801
119.7	30.9	3.46192479134
120	30.9	3.44828367233
120.3	30.9	3.46891570091
120.6	30.9	3.47925376892
120.9	30.9	3.48037648201
121.2	30.9	3.49369120598
121.5	30.9	3.51508426666
121.8	30.9	3.52187418938
122.1	30.9	3.48492240906
122.4	30.9	3.44798517227
115.5	30.6	3.45457744598
115.8	30.6	3.45427250862
116.1	30.6	3.45100212097
116.4	30.6	3.44788479805
116.7	30.6	3.45672893524
117	30.6	3.47668766975
117.3	30.6	3.48526501656
117.6	30.6	3.48946785927
117.9	30.6	3.50442624092
118.2	30.6	3.51466679573
118.5	30.6	3.49326896667
118.8	30.6	3.46044325829
119.1	30.6	3.47986578941
119.4	30.6	3.49611759186
119.7	30.6	3.47297716141
120	30.6	3.46342897415
120.3	30.6	3.47255301476
120.6	30.6	3.47556209564
120.9	30.6	3.49081015587
121.2	30.6	3.50911474228
121.5	30.6	3.51425886154
121.8	30.6	3.51396203041
122.1	30.6	3.48953986168
122.4	30.6	3.45765542984
115.5	30.3	3.45420217514
115.8	30.3	3.45449256897
116.1	30.3	3.45406126976
116.4	30.3	3.45351958275
116.7	30.3	3.45710587502
117	30.3	3.46310544014
117.3	30.3	3.46459937096
117.6	30.3	3.47755098343
117.9	30.3	3.51034331322
118.2	30.3	3.52042222023
118.5	30.3	3.46763896942
118.8	30.3	3.42191815376
119.1	30.3	3.45563483238
119.4	30.3	3.48217821121
119.7	30.3	3.47029566765
120	30.3	3.48177218437
120.3	30.3	3.49565577507
120.6	30.3	3.48676347733
120.9	30.3	3.50605106354
121.2	30.3	3.52663135529
121.5	30.3	3.50179839134
121.8	30.3	3.48535084724
122.1	30.3	3.48459768295
122.4	30.3	3.47105789185
115.5	30	3.45400190353
115.8	30	3.45412945747
116.1	30	3.45413398743
116.4	30	3.45394444466
116.7	30	3.4544403553
117	30	3.45416045189
117.3	30	3.45124411583
117.6	30	3.45775413513
117.9	30	3.47874689102
118.2	30	3.47052741051
118.5	30	3.40404295921
118.8	30	3.37990498543
119.1	30	3.44487643242
119.4	30	3.48888492584
119.7	30	3.48063421249
120	30	3.49608778954
120.3	30	3.52264165878
120.6	30	3.51289701462
120.9	30	3.52005767822
121.2	30	3.53670096397
121.5	30	3.50977158546
121.8	30	3.48885631561
122.1	30	3.49090361595
122.4	30	3.4782435894
115.5	29.7	3.4539847374
115.8	29.7	3.45400905609
116.1	29.7	3.45400071144
116.4	29.7	3.45386004448
116.7	29.7	3.45365595818
117	29.7	3.45263957977
117.3	29.7	3.44974136353
117.6	29.7	3.44977021217
117.9	29.7	3.4592089653
118.2	29.7	3.46328377724
118.5	29.7	3.45167565346
118.8	29.7	3.46701598167
119.1	29.7	3.51715230942
119.4	29.7	3.53792119026
119.7	29.7	3.51215147972
120	29.7	3.5107820034
120.3	29.7	3.534927845
120.6	29.7	3.52456474304
120.9	29.7	3.51880836487
121.2	29.7	3.5325050354
121.5	29.7	3.52669692039
121.8	29.7	3.51384305954
122.1	29.7	3.50073480606
122.4	29.7	3.47671413422
115.5	29.4	3.45399689674
115.8	29.4	3.4540002346
116.1	29.4	3.454007864
116.4	29.4	3.45395231247
116.7	29.4	3.45385575294
117	29.4	3.4534432888
117.3	29.4	3.45213270187
117.6	29.4	3.45242357254
117.9	29.4	3.46372699738
118.2	29.4	3.49639105797
118.5	29.4	3.53588557243
118.8	29.4	3.55868840218
119.1	29.4	3.56985139847
119.4	29.4	3.56703066826
119.7	29.4	3.53911447525
120	29.4	3.53157901764
120.3	29.4	3.54192328453
120.6	29.4	3.52731204033
120.9	29.4	3.5190820694
121.2	29.4	3.53685116768
121.5	29.4	3.54429364204
121.8	29.4	3.52297902107
122.1	29.4	3.49339771271
122.4	29.4	3.46693658829
115.5	29.1	3.45399999619
115.8	29.1	3.45399975777
116.1	29.1	3.45400953293
116.4	29.1	3.45401287079
116.7	29.1	3.454007864
117	29.1	3.45391440392
117.3	29.1	3.4534034729
117.6	29.1	3.45375871658
117.9	29.1	3.46347236633
118.2	29.1	3.49627017975
118.5	29.1	3.54221320152
118.8	29.1	3.56348109245
119.1	29.1	3.55934691429
119.4	29.1	3.5571064949
119.7	29.1	3.54841446877
120	29.1	3.53754925728
120.3	29.1	3.52952122688
120.6	29.1	3.51890826225
120.9	29.1	3.52219486237
121.2	29.1	3.55267620087
121.5	29.1	3.56298470497
121.8	29.1	3.51965332031
122.1	29.1	3.47803974152
122.4	29.1	3.45726156235
115.5	28.8	3.45399999619
115.8	28.8	3.45399928093
116.1	28.8	3.45400071144
116.4	28.8	3.45400857925
116.7	28.8	3.45402431488
117	28.8	3.45400953293
117.3	28.8	3.45364308357
117.6	28.8	3.45311951637
117.9	28.8	3.45711803436
118.2	28.8	3.47601819038
118.5	28.8	3.50880026817
118.8	28.8	3.52779364586
119.1	28.8	3.52470040321
119.4	28.8	3.53459620476
119.7	28.8	3.54051160812
120	28.8	3.51860117912
120.3	28.8	3.5014526844
120.6	28.8	3.50885605812
120.9	28.8	3.52697348595
121.2	28.8	3.56379675865
121.5	28.8	3.56743431091
121.8	28.8	3.50851416588
122.1	28.8	3.46522736549
122.4	28.8	3.45228791237
115.5	28.5	3.45399999619
115.8	28.5	3.45399975777
116.1	28.5	3.45399975777
116.4	28.5	3.45399951935
116.7	28.5	3.45400929451
117	28.5	3.45403003693
117.3	28.5	3.45382189751
117.6	28.5	3.45305395126
117.9	28.5	3.45364737511
118.2	28.5	3.46312665939
118.5	28.5	3.48434615135
118.8	28.5	3.49826693535
119.1	28.5	3.49507522583
119.4	28.5	3.50577878952
119.7	28.5	3.51244568825
120	28.5	3.48973274231
120.3	28.5	3.48468875885
120.6	28.5	3.51898217201
120.9	28.5	3.54992580414
121.2	28.5	3.57517004013
121.5	28.5	3.5574092865
121.8	28.5	3.49267220497
122.1	28.5	3.45689797401
122.4	28.5	3.45100426674
115.5	28.2	3.45399999619
115.8	28.2	3.45399999619
116.1	28.2	3.45399975777
116.4	28.2	3.45400047302
116.7	28.2	3.45399999619
117	28.2	3.45402145386
117.3	28.2	3.45398402214
117.6	28.2	3.45343780518
117.9	28.2	3.45306158066
118.2	28.2	3.45732617378
118.5	28.2	3.47025370598
118.8	28.2	3.47917413712
119.1	28.2	3.47329330444
119.4	28.2	3.47457337379
119.7	28.2	3.47932076454
120	28.2	3.47005367279
120.3	28.2	3.48391461372
120.6	28.2	3.53614830971
120.9	28.2	3.57715272903
121.2	28.2	3.58536863327
121.5	28.2	3.54261279106
121.8	28.2	3.47856259346
122.1	28.2	3.45257925987
122.4	28.2	3.45138192177
115.5	27.9	3.45399999619
115.8	27.9	3.45399999619
116.1	27.9	3.45399999619
116.4	27.9	3.45399975777
116.7	27.9	3.45400166512
117	27.9	3.45400881767
117.3	27.9	3.45401501656
117.6	27.9	3.45378351212
117.9	27.9	3.45327758789
118.2	27.9	3.45506739616
118.5	27.9	3.46222233772
118.8	27.9	3.4673936367
119.1	27.9	3.46085238457
119.4	27.9	3.45728230476
119.7	27.9	3.46162009239
120	27.9	3.46223759651
120.3	27.9	3.48089003563
120.6	27.9	3.52962398529
120.9	27.9	3.57324099541
121.2	27.9	3.57450222969
121.5	27.9	3.52288556099
121.8	27.9	3.46832680702
122.1	27.9	3.4512963295
122.4	27.9	3.45221686363
115.5	27.6	3.45399999619
115.8	27.6	3.45399999619
116.1	27.6	3.45399999619
116.4	27.6	3.45399975777
116.7	27.6	3.45399999619
117	27.6	3.45400643349
117.3	27.6	3.45401668549
117.6	27.6	3.45392251015
117.9	27.6	3.45357656479
118.2	27.6	3.45408844948
118.5	27.6	3.45753931999
118.8	27.6	3.46067667007
119.1	27.6	3.45741963387
119.4	27.6	3.45486760139
119.7	27.6	3.45675516129
120	27.6	3.45779895782
120.3	27.6	3.46924304962
120.6	27.6	3.5010881424
120.9	27.6	3.53663372993
121.2	27.6	3.53800344467
121.5	27.6	3.49695467949
121.8	27.6	3.46035075188
122.1	27.6	3.45146179199
122.4	27.6	3.45298695564
115.5	27.3	3.45399999619
115.8	27.3	3.45399999619
116.1	27.3	3.45399999619
116.4	27.3	3.45399999619
116.7	27.3	3.45399928093
117	27.3	3.45400261879
117.3	27.3	3.45401501656
117.6	27.3	3.45398664474
117.9	27.3	3.45377421379
118.2	27.3	3.45370078087
118.5	27.3	3.45501852036
118.8	27.3	3.45673847198
119.1	27.3	3.45613336563
119.4	27.3	3.45504260063
119.7	27.3	3.45498085022
120	27.3	3.45400071144
120.3	27.3	3.45776963234
120.6	27.3	3.47292780876
120.9	27.3	3.49374604225
121.2	27.3	3.4948964119
121.5	27.3	3.47229003906
121.8	27.3	3.45473909378
122.1	27.3	3.45200109482
122.4	27.3	3.45358562469
