115.5	34.8	3.11074781418
115.8	34.8	3.11133432388
116.1	34.8	3.11101007462
116.4	34.8	3.10218143463
116.7	34.8	3.0749206543
117	34.8	3.05652284622
117.3	34.8	3.08506059647
117.6	34.8	3.11490058899
117.9	34.8	3.12000060081
118.2	34.8	3.1199491024
118.5	34.8	3.13933348656
118.8	34.8	3.17095685005
119.1	34.8	3.17259526253
119.4	34.8	3.13228130341
119.7	34.8	3.1091170311
120	34.8	3.1090900898
120.3	34.8	3.11137342453
120.6	34.8	3.11150717735
120.9	34.8	3.1111228466
121.2	34.8	3.11097788811
121.5	34.8	3.11098599434
121.8	34.8	3.11099886894
122.1	34.8	3.11100101471
122.4	34.8	3.11100029945
115.5	34.5	3.11093091965
115.8	34.5	3.11137342453
116.1	34.5	3.11073589325
116.4	34.5	3.09964632988
116.7	34.5	3.06584501266
117	34.5	3.0438117981
117.3	34.5	3.08291316032
117.6	34.5	3.12572264671
117.9	34.5	3.12837314606
118.2	34.5	3.11693811417
118.5	34.5	3.14147639275
118.8	34.5	3.19496130943
119.1	34.5	3.20175647736
119.4	34.5	3.13678884506
119.7	34.5	3.09935450554
120	34.5	3.10182261467
120.3	34.5	3.10892319679
120.6	34.5	3.11156368256
120.9	34.5	3.11153316498
121.2	34.5	3.11108231544
121.5	34.5	3.11097288132
121.8	34.5	3.11098504066
122.1	34.5	3.11099648476
122.4	34.5	3.11100149155
115.5	34.2	3.11099886894
115.8	34.2	3.11121892929
116.1	34.2	3.11142635345
116.4	34.2	3.10473942757
116.7	34.2	3.08028936386
117	34.2	3.06517744064
117.3	34.2	3.09974789619
117.6	34.2	3.14011263847
117.9	34.2	3.1379776001
118.2	34.2	3.11032676697
118.5	34.2	3.12393927574
118.8	34.2	3.18367171288
119.1	34.2	3.19069647789
119.4	34.2	3.11312747002
119.7	34.2	3.07327699661
120	34.2	3.08291292191
120.3	34.2	3.09866523743
120.6	34.2	3.10866689682
120.9	34.2	3.11178088188
121.2	34.2	3.11145973206
121.5	34.2	3.11105895042
121.8	34.2	3.11099290848
122.1	34.2	3.11097812653
122.4	34.2	3.11099362373
115.5	33.9	3.11089849472
115.8	33.9	3.11117625237
116.1	33.9	3.11346936226
116.4	33.9	3.11490011215
116.7	33.9	3.10438227654
117	33.9	3.09399533272
117.3	33.9	3.11321568489
117.6	33.9	3.14226317406
117.9	33.9	3.13639783859
118.2	33.9	3.1037979126
118.5	33.9	3.10317754745
118.8	33.9	3.14318132401
119.1	33.9	3.13368177414
119.4	33.9	3.05917310715
119.7	33.9	3.03297162056
120	33.9	3.05336403847
120.3	33.9	3.07807302475
120.6	33.9	3.09922575951
120.9	33.9	3.11018681526
121.2	33.9	3.11193037033
121.5	33.9	3.11135864258
121.8	33.9	3.11116695404
122.1	33.9	3.11102747917
122.4	33.9	3.11096906662
115.5	33.6	3.11085510254
115.8	33.6	3.11141419411
116.1	33.6	3.11587047577
116.4	33.6	3.12475752831
116.7	33.6	3.1251001358
117	33.6	3.11470556259
117.3	33.6	3.11942672729
117.6	33.6	3.13232159615
117.9	33.6	3.11279511452
118.2	33.6	3.08730912209
118.5	33.6	3.0903134346
118.8	33.6	3.09345245361
119.1	33.6	3.04987215996
119.4	33.6	2.99104785919
119.7	33.6	2.99058365822
120	33.6	3.02363610268
120.3	33.6	3.05317687988
120.6	33.6	3.08181190491
120.9	33.6	3.10376596451
121.2	33.6	3.11137700081
121.5	33.6	3.11131477356
121.8	33.6	3.11136364937
122.1	33.6	3.11133360863
122.4	33.6	3.11102604866
115.5	33.3	3.11086988449
115.8	33.3	3.1112165451
116.1	33.3	3.11515927315
116.4	33.3	3.12641072273
116.7	33.3	3.1371576786
117	33.3	3.13822054863
117.3	33.3	3.14261674881
117.6	33.3	3.13682627678
117.9	33.3	3.09802532196
118.2	33.3	3.0826997757
118.5	33.3	3.09783840179
118.8	33.3	3.05410671234
119.1	33.3	2.96144294739
119.4	33.3	2.91817855835
119.7	33.3	2.94491648674
120	33.3	2.9938147068
120.3	33.3	3.02947092056
120.6	33.3	3.05559802055
120.9	33.3	3.08872365952
121.2	33.3	3.10873317719
121.5	33.3	3.10897397995
121.8	33.3	3.10982203484
122.1	33.3	3.11156392097
122.4	33.3	3.11132764816
115.5	33	3.11081600189
115.8	33	3.11021876335
116.1	33	3.11060857773
116.4	33	3.11767482758
116.7	33	3.13401770592
117	33	3.15244722366
117.3	33	3.17165327072
117.6	33	3.16576695442
117.9	33	3.1339597702
118.2	33	3.13269281387
118.5	33	3.14216685295
118.8	33	3.05332255363
119.1	33	2.909927845
119.4	33	2.8580904007
119.7	33	2.88701415062
120	33	2.94570064545
120.3	33	2.99528884888
120.6	33	3.0109937191
120.9	33	3.06296563148
121.2	33	3.10954666138
121.5	33	3.10345315933
121.8	33	3.1027162075
122.1	33	3.10998344421
122.4	33	3.11159992218
115.5	32.7	3.1107237339
115.8	32.7	3.10969758034
116.1	32.7	3.10873126984
116.4	32.7	3.11295247078
116.7	32.7	3.1217083931
117	32.7	3.12712883949
117.3	32.7	3.14588356018
117.6	32.7	3.16633486748
117.9	32.7	3.17620825768
118.2	32.7	3.18004727364
118.5	32.7	3.15233469009
118.8	32.7	3.0580573082
119.1	32.7	2.93463921547
119.4	32.7	2.88048100471
119.7	32.7	2.87039279938
120	32.7	2.89244174957
120.3	32.7	2.93596482277
120.6	32.7	2.93683385849
120.9	32.7	3.03864812851
121.2	32.7	3.13659667969
121.5	32.7	3.1038005352
121.8	32.7	3.09007763863
122.1	32.7	3.1053609848
122.4	32.7	3.11101126671
115.5	32.4	3.11066937447
115.8	32.4	3.11062765121
116.1	32.4	3.11408686638
116.4	32.4	3.12536811829
116.7	32.4	3.12472677231
117	32.4	3.0905623436
117.3	32.4	3.07795715332
117.6	32.4	3.11929106712
117.9	32.4	3.17593121529
118.2	32.4	3.18292355537
118.5	32.4	3.11832356453
118.8	32.4	3.04878544807
119.1	32.4	3.00512123108
119.4	32.4	2.99089574814
119.7	32.4	2.94635534286
120	32.4	2.8964009285
120.3	32.4	2.89752459526
120.6	32.4	2.88474225998
120.9	32.4	3.05441880226
121.2	32.4	3.204621315
121.5	32.4	3.12581348419
121.8	32.4	3.08588147163
122.1	32.4	3.10277891159
122.4	32.4	3.11010527611
115.5	32.1	3.11109042168
115.8	32.1	3.11369919777
116.1	32.1	3.12591004372
116.4	32.1	3.15170121193
116.7	32.1	3.14957094193
117	32.1	3.07915258408
117.3	32.1	3.02820539474
117.6	32.1	3.07173132896
117.9	32.1	3.14677977562
118.2	32.1	3.15717554092
118.5	32.1	3.09770607948
118.8	32.1	3.06160879135
119.1	32.1	3.0550634861
119.4	32.1	3.04591679573
119.7	32.1	3.01624393463
120	32.1	2.98880338669
120.3	32.1	2.99166345596
120.6	32.1	2.97080254555
120.9	32.1	3.10343384743
121.2	32.1	3.21670389175
121.5	32.1	3.13739967346
121.8	32.1	3.10322093964
122.1	32.1	3.11148810387
122.4	32.1	3.11149668694
115.5	31.8	3.11218142509
115.8	31.8	3.11813616753
116.1	31.8	3.1364467144
116.4	31.8	3.16905760765
116.7	31.8	3.16993784904
117	31.8	3.09487986565
117.3	31.8	3.02940702438
117.6	31.8	3.05881023407
117.9	31.8	3.12147259712
118.2	31.8	3.13347768784
118.5	31.8	3.11267352104
118.8	31.8	3.11154079437
119.1	31.8	3.09664201736
119.4	31.8	3.03203892708
119.7	31.8	2.98849654198
120	31.8	3.03003025055
120.3	31.8	3.10110235214
120.6	31.8	3.09701251984
120.9	31.8	3.12212491035
121.2	31.8	3.16183805466
121.5	31.8	3.14809703827
121.8	31.8	3.14606189728
122.1	31.8	3.13156175613
122.4	31.8	3.11586380005
115.5	31.5	3.11281323433
115.8	31.5	3.12039613724
116.1	31.5	3.1381020546
116.4	31.5	3.1634850502
116.7	31.5	3.16826462746
117	31.5	3.12736940384
117.3	31.5	3.08450698853
117.6	31.5	3.08888411522
117.9	31.5	3.11415195465
118.2	31.5	3.11097979546
118.5	31.5	3.10533833504
118.8	31.5	3.11899399757
119.1	31.5	3.11693692207
119.4	31.5	3.05371570587
119.7	31.5	3.00106716156
120	31.5	3.05359005928
120.3	31.5	3.1395816803
120.6	31.5	3.13854408264
120.9	31.5	3.09603381157
121.2	31.5	3.1113884449
121.5	31.5	3.15710496902
121.8	31.5	3.16573596001
122.1	31.5	3.13608312607
122.4	31.5	3.11547374725
115.5	31.2	3.11200523376
115.8	31.2	3.11799740791
116.1	31.2	3.13153409958
116.4	31.2	3.1498978138
116.7	31.2	3.16425657272
117	31.2	3.16769266129
117.3	31.2	3.16095948219
117.6	31.2	3.14988064766
117.9	31.2	3.13657236099
118.2	31.2	3.09882807732
118.5	31.2	3.06746935844
118.8	31.2	3.06939673424
119.1	31.2	3.09837079048
119.4	31.2	3.09826254845
119.7	31.2	3.08063364029
120	31.2	3.10429382324
120.3	31.2	3.11951732635
120.6	31.2	3.09932732582
120.9	31.2	3.09437036514
121.2	31.2	3.14153790474
121.5	31.2	3.17879962921
121.8	31.2	3.16046786308
122.1	31.2	3.12742209435
122.4	31.2	3.11086940765
115.5	30.9	3.11072731018
115.8	30.9	3.11329245567
116.1	30.9	3.12192821503
116.4	30.9	3.13915872574
116.7	30.9	3.16552066803
117	30.9	3.19570994377
117.3	30.9	3.21176195145
117.6	30.9	3.20750212669
117.9	30.9	3.18928980827
118.2	30.9	3.13929033279
118.5	30.9	3.08563685417
118.8	30.9	3.06855034828
119.1	30.9	3.10657119751
119.4	30.9	3.1338789463
119.7	30.9	3.14227509499
120	30.9	3.14999651909
120.3	30.9	3.09660506248
120.6	30.9	3.06699895859
120.9	30.9	3.12766027451
121.2	30.9	3.19149565697
121.5	30.9	3.18997979164
121.8	30.9	3.160987854
122.1	30.9	3.1387693882
122.4	30.9	3.11884355545
115.5	30.6	3.11040139198
115.8	30.6	3.11039352417
116.1	30.6	3.11363959312
116.4	30.6	3.12556910515
116.7	30.6	3.15256857872
117	30.6	3.18963766098
117.3	30.6	3.21537804604
117.6	30.6	3.22788500786
117.9	30.6	3.23627090454
118.2	30.6	3.21460676193
118.5	30.6	3.16386318207
118.8	30.6	3.13847136497
119.1	30.6	3.17442059517
119.4	30.6	3.19168782234
119.7	30.6	3.18957972527
120	30.6	3.18551778793
120.3	30.6	3.11788034439
120.6	30.6	3.09362506866
120.9	30.6	3.13605976105
121.2	30.6	3.15535020828
121.5	30.6	3.1457760334
121.8	30.6	3.15445709229
122.1	30.6	3.16487312317
122.4	30.6	3.14195728302
115.5	30.3	3.1107609272
115.8	30.3	3.11009144783
116.1	30.3	3.10991168022
116.4	30.3	3.11419868469
116.7	30.3	3.12996530533
117	30.3	3.15761828423
117.3	30.3	3.18458271027
117.6	30.3	3.21009397507
117.9	30.3	3.23716568947
118.2	30.3	3.22837376595
118.5	30.3	3.17206859589
118.8	30.3	3.15536832809
119.1	30.3	3.20762109756
119.4	30.3	3.22402501106
119.7	30.3	3.20323777199
120	30.3	3.19341444969
120.3	30.3	3.16315627098
120.6	30.3	3.14785814285
120.9	30.3	3.13669681549
121.2	30.3	3.11743545532
121.5	30.3	3.12416696548
121.8	30.3	3.15442180634
122.1	30.3	3.17540574074
122.4	30.3	3.15420913696
115.5	30	3.11102366447
115.8	30	3.11069893837
116.1	30	3.10982990265
116.4	30	3.10975265503
116.7	30	3.11499834061
117	30	3.12964749336
117.3	30	3.15156745911
117.6	30	3.17851948738
117.9	30	3.20191073418
118.2	30	3.17990636826
118.5	30	3.11352658272
118.8	30	3.1150496006
119.1	30	3.18905234337
119.4	30	3.21860456467
119.7	30	3.20320510864
120	30	3.21762609482
120.3	30	3.2278239727
120.6	30	3.20088028908
120.9	30	3.16434264183
121.2	30	3.16447639465
121.5	30	3.19032287598
121.8	30	3.19503116608
122.1	30	3.17766308784
122.4	30	3.14418697357
115.5	29.7	3.11104464531
115.8	29.7	3.11103200912
116.1	29.7	3.110632658
116.4	29.7	3.10972166061
116.7	29.7	3.10992074013
117	29.7	3.11486792564
117.3	29.7	3.12781047821
117.6	29.7	3.14974021912
117.9	29.7	3.17255234718
118.2	29.7	3.17186284065
118.5	29.7	3.15664744377
118.8	29.7	3.18266773224
119.1	29.7	3.22701001167
119.4	29.7	3.23208498955
119.7	29.7	3.21091413498
120	29.7	3.22503089905
120.3	29.7	3.23900413513
120.6	29.7	3.2069299221
120.9	29.7	3.18558502197
121.2	29.7	3.21372556686
121.5	29.7	3.23772215843
121.8	29.7	3.21523809433
122.1	29.7	3.16900968552
122.4	29.7	3.1296043396
115.5	29.4	3.11100769043
115.8	29.4	3.11105203629
116.1	29.4	3.11102342606
116.4	29.4	3.11058998108
116.7	29.4	3.10979485512
117	29.4	3.11019396782
117.3	29.4	3.11535525322
117.6	29.4	3.13049554825
117.9	29.4	3.15914964676
118.2	29.4	3.19921898842
118.5	29.4	3.23919701576
118.8	29.4	3.25711417198
119.1	29.4	3.24807739258
119.4	29.4	3.22941756248
119.7	29.4	3.21877026558
120	29.4	3.22826457024
120.3	29.4	3.22793197632
120.6	29.4	3.20603060722
120.9	29.4	3.20562148094
121.2	29.4	3.23539447784
121.5	29.4	3.23672056198
121.8	29.4	3.19512987137
122.1	29.4	3.14671897888
122.4	29.4	3.11727809906
115.5	29.1	3.11099696159
115.8	29.1	3.11101007462
116.1	29.1	3.11105275154
116.4	29.1	3.11100125313
116.7	29.1	3.11058712006
117	29.1	3.10994839668
117.3	29.1	3.11072540283
117.6	29.1	3.11785101891
117.9	29.1	3.14057135582
118.2	29.1	3.18682456017
118.5	29.1	3.24040913582
118.8	29.1	3.2588198185
119.1	29.1	3.23650527
119.4	29.1	3.22271823883
119.7	29.1	3.2391667366
120	29.1	3.2384147644
120.3	29.1	3.21520638466
120.6	29.1	3.20735168457
120.9	29.1	3.22071194649
121.2	29.1	3.23938703537
121.5	29.1	3.21840453148
121.8	29.1	3.165320158
122.1	29.1	3.12581157684
122.4	29.1	3.11051058769
115.5	28.8	3.11099934578
115.8	28.8	3.11099743843
116.1	28.8	3.11101222038
116.4	28.8	3.11104464531
116.7	28.8	3.11097049713
117	28.8	3.11056780815
117.3	28.8	3.10999488831
117.6	28.8	3.11147284508
117.9	28.8	3.12238359451
118.2	28.8	3.15308761597
118.5	28.8	3.19879961014
118.8	28.8	3.22677111626
119.1	28.8	3.21984124184
119.4	28.8	3.23034214973
119.7	28.8	3.26335334778
120	28.8	3.24153137207
120.3	28.8	3.20322942734
120.6	28.8	3.20782399178
120.9	28.8	3.22781562805
121.2	28.8	3.23422646523
121.5	28.8	3.19860243797
121.8	28.8	3.14273285866
122.1	28.8	3.1140999794
122.4	28.8	3.10870718956
115.5	28.5	3.11100006104
115.8	28.5	3.11099910736
116.1	28.5	3.11099886894
116.4	28.5	3.11101388931
116.7	28.5	3.11103034019
117	28.5	3.11092305183
117.3	28.5	3.11045622826
117.6	28.5	3.10996460915
117.9	28.5	3.11317777634
118.2	28.5	3.1298224926
118.5	28.5	3.16507458687
118.8	28.5	3.19789910316
119.1	28.5	3.20985651016
119.4	28.5	3.23715114594
119.7	28.5	3.25987505913
120	28.5	3.22203207016
120.3	28.5	3.1926138401
120.6	28.5	3.21710252762
120.9	28.5	3.24702739716
121.2	28.5	3.23897099495
121.5	28.5	3.18463945389
121.8	28.5	3.12843537331
122.1	28.5	3.10928344727
122.4	28.5	3.10907411575
115.5	28.2	3.11100006104
115.8	28.2	3.11100006104
116.1	28.2	3.11099910736
116.4	28.2	3.11100149155
116.7	28.2	3.11101555824
117	28.2	3.11101531982
117.3	28.2	3.11083817482
117.6	28.2	3.11018300056
117.9	28.2	3.11014962196
118.2	28.2	3.11781287193
118.5	28.2	3.1441283226
118.8	28.2	3.18124008179
119.1	28.2	3.20916771889
119.4	28.2	3.23178792
119.7	28.2	3.22702145576
120	28.2	3.18755531311
120.3	28.2	3.17957282066
120.6	28.2	3.22575569153
120.9	28.2	3.27247571945
121.2	28.2	3.25383996964
121.5	28.2	3.17833209038
121.8	28.2	3.12105488777
122.1	28.2	3.10792136192
122.4	28.2	3.10973620415
115.5	27.9	3.11100006104
115.8	27.9	3.11100006104
116.1	27.9	3.11099982262
116.4	27.9	3.11099934578
116.7	27.9	3.11100482941
117	27.9	3.11102175713
117.3	27.9	3.11098814011
117.6	27.9	3.1105659008
117.9	27.9	3.10968637466
118.2	27.9	3.11282372475
118.5	27.9	3.13257598877
118.8	27.9	3.17174768448
119.1	27.9	3.20672821999
119.4	27.9	3.21344518661
119.7	27.9	3.18673229218
120	27.9	3.15460777283
120.3	27.9	3.15985894203
120.6	27.9	3.21224236488
120.9	27.9	3.26993823051
121.2	27.9	3.25186705589
121.5	27.9	3.17047119141
121.8	27.9	3.11757802963
122.1	27.9	3.10816121101
122.4	27.9	3.11020278931
115.5	27.6	3.11100006104
115.8	27.6	3.11100006104
116.1	27.6	3.11100006104
116.4	27.6	3.1109995842
116.7	27.6	3.11099982262
117	27.6	3.11101222038
117.3	27.6	3.11103034019
117.6	27.6	3.11083579063
117.9	27.6	3.10998678207
118.2	27.6	3.11066579819
118.5	27.6	3.1226978302
118.8	27.6	3.15326499939
119.1	27.6	3.18180704117
119.4	27.6	3.17800712585
119.7	27.6	3.14952635765
120	27.6	3.12923407555
120.3	27.6	3.13657832146
120.6	27.6	3.17704319954
120.9	27.6	3.22761082649
121.2	27.6	3.21661925316
121.5	27.6	3.1526453495
121.8	27.6	3.11442041397
122.1	27.6	3.10889959335
122.4	27.6	3.11054706573
115.5	27.3	3.11100006104
115.8	27.3	3.11100006104
116.1	27.3	3.11100006104
116.4	27.3	3.11100006104
116.7	27.3	3.11099910736
117	27.3	3.11100268364
117.3	27.3	3.11102962494
117.6	27.3	3.11099600792
117.9	27.3	3.110445261
118.2	27.3	3.10971093178
118.5	27.3	3.11376261711
118.8	27.3	3.12815380096
119.1	27.3	3.14198637009
119.4	27.3	3.13734745979
119.7	27.3	3.12210679054
120	27.3	3.11398124695
120.3	27.3	3.11823010445
120.6	27.3	3.13911509514
120.9	27.3	3.16843748093
121.2	27.3	3.16376781464
121.5	27.3	3.12947964668
121.8	27.3	3.11091399193
122.1	27.3	3.10955262184
122.4	27.3	3.11081528664
