114	34.8	3.79698204994
114.3	34.8	3.79699778557
114.6	34.8	3.79699635506
114.9	34.8	3.79697680473
115.2	34.8	3.79704809189
115.5	34.8	3.79738616943
115.8	34.8	3.79763269424
116.1	34.8	3.79540157318
116.4	34.8	3.7858607769
116.7	34.8	3.76941823959
117	34.8	3.75997471809
117.3	34.8	3.76328086853
117.6	34.8	3.76915001869
117.9	34.8	3.76665449142
118.2	34.8	3.7576174736
118.5	34.8	3.75910997391
118.8	34.8	3.77755379677
119.1	34.8	3.79808163643
119.4	34.8	3.80476617813
119.7	34.8	3.80022287369
120	34.8	3.79742050171
120.3	34.8	3.79753375053
120.6	34.8	3.79783320427
120.9	34.8	3.79750943184
121.2	34.8	3.79710865021
121.5	34.8	3.79696106911
121.8	34.8	3.79697728157
122.1	34.8	3.79699754715
122.4	34.8	3.79700112343
114	34.5	3.79699683189
114.3	34.5	3.7969994545
114.6	34.5	3.79698634148
114.9	34.5	3.79697704315
115.2	34.5	3.79713201523
115.5	34.5	3.79766511917
115.8	34.5	3.79768037796
116.1	34.5	3.79318594933
116.4	34.5	3.77783942223
116.7	34.5	3.75314259529
117	34.5	3.73805642128
117.3	34.5	3.740629673
117.6	34.5	3.74870729446
117.9	34.5	3.74574804306
118.2	34.5	3.72661852837
118.5	34.5	3.72162175179
118.8	34.5	3.74680709839
119.1	34.5	3.77543449402
119.4	34.5	3.78489494324
119.7	34.5	3.78457951546
120	34.5	3.78640675545
120.3	34.5	3.7921962738
120.6	34.5	3.79671025276
120.9	34.5	3.79786610603
121.2	34.5	3.79741311073
121.5	34.5	3.79707622528
121.8	34.5	3.79698252678
122.1	34.5	3.79698300362
122.4	34.5	3.79699635506
114	34.2	3.79699969292
114.3	34.2	3.79699492455
114.6	34.2	3.7969789505
114.9	34.2	3.7970123291
115.2	34.2	3.79727530479
115.5	34.2	3.79781961441
115.8	34.2	3.79714274406
116.1	34.2	3.79033923149
116.4	34.2	3.77121853828
116.7	34.2	3.74357891083
117	34.2	3.7232260704
117.3	34.2	3.71956443787
117.6	34.2	3.72833561897
117.9	34.2	3.73283839226
118.2	34.2	3.71469187737
118.5	34.2	3.70497512817
118.8	34.2	3.72248649597
119.1	34.2	3.73755192757
119.4	34.2	3.73789787292
119.7	34.2	3.74476051331
120	34.2	3.75788593292
120.3	34.2	3.7763645649
120.6	34.2	3.79098248482
120.9	34.2	3.79703760147
121.2	34.2	3.79763412476
121.5	34.2	3.79723167419
121.8	34.2	3.79705715179
122.1	34.2	3.79701018333
122.4	34.2	3.79699230194
114	33.9	3.79699778557
114.3	33.9	3.7969994545
114.6	33.9	3.7970123291
114.9	33.9	3.79709911346
115.2	33.9	3.79740953445
115.5	33.9	3.79763555527
115.8	33.9	3.79584741592
116.1	33.9	3.78768062592
116.4	33.9	3.76936411858
116.7	33.9	3.74773240089
117	33.9	3.72618627548
117.3	33.9	3.7104113102
117.6	33.9	3.70934653282
117.9	33.9	3.71602416039
118.2	33.9	3.70868444443
118.5	33.9	3.71359968185
118.8	33.9	3.73048734665
119.1	33.9	3.72565507889
119.4	33.9	3.70695757866
119.7	33.9	3.71143579483
120	33.9	3.73100972176
120.3	33.9	3.76045608521
120.6	33.9	3.78498196602
120.9	33.9	3.79589319229
121.2	33.9	3.79748225212
121.5	33.9	3.7972433567
121.8	33.9	3.79714131355
122.1	33.9	3.79707837105
122.4	33.9	3.79702877998
114	33.6	3.79701566696
114.3	33.6	3.79703378677
114.6	33.6	3.79705810547
114.9	33.6	3.797134161
115.2	33.6	3.79721355438
115.5	33.6	3.79684019089
115.8	33.6	3.79443693161
116.1	33.6	3.78758144379
116.4	33.6	3.77704501152
116.7	33.6	3.77049875259
117	33.6	3.75865578651
117.3	33.6	3.7359828949
117.6	33.6	3.71527767181
117.9	33.6	3.70283079147
118.2	33.6	3.68871593475
118.5	33.6	3.71231794357
118.8	33.6	3.74882364273
119.1	33.6	3.74266004562
119.4	33.6	3.71123600006
119.7	33.6	3.71203184128
120	33.6	3.73689126968
120.3	33.6	3.76873993874
120.6	33.6	3.79172873497
120.9	33.6	3.79840302467
121.2	33.6	3.79672718048
121.5	33.6	3.79645013809
121.8	33.6	3.79689979553
122.1	33.6	3.79708504677
122.4	33.6	3.79708123207
114	33.3	3.79704737663
114.3	33.3	3.79699921608
114.6	33.3	3.79683160782
114.9	33.3	3.79661154747
115.2	33.3	3.79598093033
115.5	33.3	3.7944188118
115.8	33.3	3.79223322868
116.1	33.3	3.79068088531
116.4	33.3	3.79124093056
116.7	33.3	3.7974357605
117	33.3	3.79764509201
117.3	33.3	3.78094315529
117.6	33.3	3.7550470829
117.9	33.3	3.7280933857
118.2	33.3	3.69552206993
118.5	33.3	3.70736241341
118.8	33.3	3.73815965652
119.1	33.3	3.72518825531
119.4	33.3	3.69288992882
119.7	33.3	3.71356201172
120	33.3	3.76825857162
120.3	33.3	3.80541324615
120.6	33.3	3.81472253799
120.9	33.3	3.8038713932
121.2	33.3	3.79255771637
121.5	33.3	3.79264950752
121.8	33.3	3.79557061195
122.1	33.3	3.79677200317
122.4	33.3	3.79697418213
114	33	3.79694056511
114.3	33	3.79657483101
114.6	33	3.79607582092
114.9	33	3.79573130608
115.2	33	3.79417848587
115.5	33	3.79013180733
115.8	33	3.7869386673
116.1	33	3.7911696434
116.4	33	3.80069422722
116.7	33	3.80591320992
117	33	3.80351924896
117.3	33	3.79286193848
117.6	33	3.78035783768
117.9	33	3.77170181274
118.2	33	3.75354194641
118.5	33	3.74069094658
118.8	33	3.72375488281
119.1	33	3.67389297485
119.4	33	3.63981580734
119.7	33	3.69603848457
120	33	3.79205822945
120.3	33	3.8376083374
120.6	33	3.82865548134
120.9	33	3.79578709602
121.2	33	3.77723455429
121.5	33	3.78434944153
121.8	33	3.79342031479
122.1	33	3.79621720314
122.4	33	3.79660177231
114	32.7	3.79652953148
114.3	32.7	3.79584145546
114.6	32.7	3.79646992683
114.9	32.7	3.79969882965
115.2	32.7	3.80017399788
115.5	32.7	3.79215288162
115.8	32.7	3.78180289268
116.1	32.7	3.78308606148
116.4	32.7	3.7922770977
116.7	32.7	3.79367089272
117	32.7	3.79103064537
117.3	32.7	3.78828620911
117.6	32.7	3.78138399124
117.9	32.7	3.772970438
118.2	32.7	3.76873612404
118.5	32.7	3.75872397423
118.8	32.7	3.72973108292
119.1	32.7	3.66904830933
119.4	32.7	3.63947319984
119.7	32.7	3.71381258965
120	32.7	3.81916642189
120.3	32.7	3.83932638168
120.6	32.7	3.79765844345
120.9	32.7	3.75652050972
121.2	32.7	3.75516557693
121.5	32.7	3.7822728157
121.8	32.7	3.79734182358
122.1	32.7	3.79827046394
122.4	32.7	3.79654073715
114	32.4	3.79603743553
114.3	32.4	3.79650568962
114.6	32.4	3.80308222771
114.9	32.4	3.82029533386
115.2	32.4	3.83373975754
115.5	32.4	3.82258558273
115.8	32.4	3.79230260849
116.1	32.4	3.77390861511
116.4	32.4	3.77093076706
116.7	32.4	3.76526427269
117	32.4	3.7637090683
117.3	32.4	3.77434158325
117.6	32.4	3.77886652946
117.9	32.4	3.75991344452
118.2	32.4	3.7416613102
118.5	32.4	3.74297142029
118.8	32.4	3.740629673
119.1	32.4	3.70948529243
119.4	32.4	3.69977498055
119.7	32.4	3.77104854584
120	32.4	3.851780653
120.3	32.4	3.82674837112
120.6	32.4	3.75003051758
120.9	32.4	3.72403383255
121.2	32.4	3.76574850082
121.5	32.4	3.81285881996
121.8	32.4	3.81972575188
122.1	32.4	3.80741739273
122.4	32.4	3.79843354225
114	32.1	3.79613018036
114.3	32.1	3.79904770851
114.6	32.1	3.81556129456
114.9	32.1	3.85537481308
115.2	32.1	3.89405584335
115.5	32.1	3.88545894623
115.8	32.1	3.8252158165
116.1	32.1	3.77328228951
116.4	32.1	3.75903248787
116.7	32.1	3.7447052002
117	32.1	3.72681069374
117.3	32.1	3.73086953163
117.6	32.1	3.7498717308
117.9	32.1	3.74579691887
118.2	32.1	3.72208404541
118.5	32.1	3.72211432457
118.8	32.1	3.71806669235
119.1	32.1	3.6993830204
119.4	32.1	3.70993256569
119.7	32.1	3.77332830429
120	32.1	3.82738161087
120.3	32.1	3.7943687439
120.6	32.1	3.73301482201
120.9	32.1	3.73551034927
121.2	32.1	3.79728126526
121.5	32.1	3.84423780441
121.8	32.1	3.84156632423
122.1	32.1	3.81820058823
122.4	32.1	3.80193400383
114	31.8	3.79620552063
114.3	31.8	3.79926753044
114.6	31.8	3.81613636017
114.9	31.8	3.85968494415
115.2	31.8	3.91025424004
115.5	31.8	3.91102743149
115.8	31.8	3.84065699577
116.1	31.8	3.77241921425
116.4	31.8	3.76806211472
116.7	31.8	3.76122784615
117	31.8	3.72620534897
117.3	31.8	3.70806741714
117.6	31.8	3.73110103607
117.9	31.8	3.75536298752
118.2	31.8	3.75076651573
118.5	31.8	3.75376152992
118.8	31.8	3.73412775993
119.1	31.8	3.7079873085
119.4	31.8	3.71648287773
119.7	31.8	3.74766230583
120	31.8	3.75909948349
120.3	31.8	3.73305058479
120.6	31.8	3.71060276031
120.9	31.8	3.72300457954
121.2	31.8	3.76657795906
121.5	31.8	3.81462574005
121.8	31.8	3.83637547493
122.1	31.8	3.82162570953
122.4	31.8	3.8043422699
114	31.5	3.79627990723
114.3	31.5	3.79593205452
114.6	31.5	3.79981374741
114.9	31.5	3.81666278839
115.2	31.5	3.84799218178
115.5	31.5	3.86190795898
115.8	31.5	3.82499074936
116.1	31.5	3.77411675453
116.4	31.5	3.77960801125
116.7	31.5	3.78978824615
117	31.5	3.77134847641
117.3	31.5	3.75542092323
117.6	31.5	3.76888394356
117.9	31.5	3.78884792328
118.2	31.5	3.79020690918
118.5	31.5	3.78904128075
118.8	31.5	3.76536178589
119.1	31.5	3.75200676918
119.4	31.5	3.76644563675
119.7	31.5	3.76472759247
120	31.5	3.73624277115
120.3	31.5	3.71898770332
120.6	31.5	3.71557164192
120.9	31.5	3.70508265495
121.2	31.5	3.71146702766
121.5	31.5	3.76257896423
121.8	31.5	3.81505990028
122.1	31.5	3.81128263474
122.4	31.5	3.79671406746
114	31.2	3.7967414856
114.3	31.2	3.79322695732
114.6	31.2	3.78292322159
114.9	31.2	3.76639699936
115.2	31.2	3.76400279999
115.5	31.2	3.78479647636
115.8	31.2	3.80198669434
116.1	31.2	3.7932639122
116.4	31.2	3.79137539864
116.7	31.2	3.80009150505
117	31.2	3.80733299255
117.3	31.2	3.80900073051
117.6	31.2	3.80404734612
117.9	31.2	3.79239559174
118.2	31.2	3.78824901581
118.5	31.2	3.78934812546
118.8	31.2	3.77373337746
119.1	31.2	3.7775015831
119.4	31.2	3.79810070992
119.7	31.2	3.77879285812
120	31.2	3.74495339394
120.3	31.2	3.76302981377
120.6	31.2	3.77891874313
120.9	31.2	3.75291347504
121.2	31.2	3.73652672768
121.5	31.2	3.77388358116
121.8	31.2	3.81081700325
122.1	31.2	3.78857493401
122.4	31.2	3.7716448307
114	30.9	3.79745483398
114.3	30.9	3.79445242882
114.6	30.9	3.78147816658
114.9	30.9	3.75493502617
115.2	30.9	3.73618102074
115.5	30.9	3.74986839294
115.8	30.9	3.78565001488
116.1	30.9	3.80420088768
116.4	30.9	3.79600548744
116.7	30.9	3.79525399208
117	30.9	3.80994296074
117.3	30.9	3.81835150719
117.6	30.9	3.80196046829
117.9	30.9	3.77388286591
118.2	30.9	3.77431845665
118.5	30.9	3.79786610603
118.8	30.9	3.80058193207
119.1	30.9	3.80156517029
119.4	30.9	3.79808402061
119.7	30.9	3.75185227394
120	30.9	3.7154250145
120.3	30.9	3.76097726822
120.6	30.9	3.79989266396
120.9	30.9	3.7960870266
121.2	30.9	3.7974896431
121.5	30.9	3.82236456871
121.8	30.9	3.81863307953
122.1	30.9	3.76629757881
122.4	30.9	3.74400377274
114	30.6	3.79781079292
114.3	30.6	3.79710388184
114.6	30.6	3.79087042809
114.9	30.6	3.77680659294
115.2	30.6	3.76741456985
115.5	30.6	3.77274131775
115.8	30.6	3.7853178978
116.1	30.6	3.79123139381
116.4	30.6	3.78462696075
116.7	30.6	3.78767824173
117	30.6	3.80516958237
117.3	30.6	3.81634545326
117.6	30.6	3.80482149124
117.9	30.6	3.78550338745
118.2	30.6	3.79066944122
118.5	30.6	3.81441307068
118.8	30.6	3.8223221302
119.1	30.6	3.82238960266
119.4	30.6	3.80629324913
119.7	30.6	3.74903893471
120	30.6	3.70427370071
120.3	30.6	3.73624062538
120.6	30.6	3.76752543449
120.9	30.6	3.78851461411
121.2	30.6	3.81908488274
121.5	30.6	3.83235931396
121.8	30.6	3.79948568344
122.1	30.6	3.75288128853
122.4	30.6	3.74066901207
114	30.3	3.79734635353
114.3	30.3	3.79711985588
114.6	30.3	3.79466843605
114.9	30.3	3.7908103466
115.2	30.3	3.79608225822
115.5	30.3	3.80705213547
115.8	30.3	3.80623412132
116.1	30.3	3.7947974205
116.4	30.3	3.78563189507
116.7	30.3	3.78596925735
117	30.3	3.80148077011
117.3	30.3	3.81776928902
117.6	30.3	3.81680226326
117.9	30.3	3.80834078789
118.2	30.3	3.80731987953
118.5	30.3	3.78800177574
118.8	30.3	3.7713367939
119.1	30.3	3.7856760025
119.4	30.3	3.80119681358
119.7	30.3	3.78044342995
120	30.3	3.76587605476
120.3	30.3	3.79604625702
120.6	30.3	3.80042505264
120.9	30.3	3.81297636032
121.2	30.3	3.83798694611
121.5	30.3	3.81517934799
121.8	30.3	3.75929021835
122.1	30.3	3.751278162
122.4	30.3	3.7649974823
114	30	3.79692816734
114.3	30	3.79594993591
114.6	30	3.79301905632
114.9	30	3.79144859314
115.2	30	3.80431747437
115.5	30	3.82306098938
115.8	30	3.8210952282
116.1	30	3.80180311203
116.4	30	3.78836560249
116.7	30	3.7797703743
117	30	3.79675292969
117.3	30	3.83460235596
117.6	30	3.85398173332
117.9	30	3.83913803101
118.2	30	3.80732226372
118.5	30	3.74560689926
118.8	30	3.72547745705
119.1	30	3.76533818245
119.4	30	3.797093153
119.7	30	3.78848600388
120	30	3.79971694946
120.3	30	3.83566975594
120.6	30	3.80414628983
120.9	30	3.78605294228
121.2	30	3.80372214317
121.5	30	3.7828836441
121.8	30	3.74795627594
122.1	30	3.77377796173
122.4	30	3.79607462883
114	29.7	3.79700279236
114.3	29.7	3.79570603371
114.6	29.7	3.79187965393
114.9	29.7	3.78956913948
115.2	29.7	3.80576181412
115.5	29.7	3.83335089684
115.8	29.7	3.83613729477
116.1	29.7	3.80572986603
116.4	29.7	3.77741456032
116.7	29.7	3.75596141815
117	29.7	3.76823043823
117.3	29.7	3.8213737011
117.6	29.7	3.86315250397
117.9	29.7	3.84481167793
118.2	29.7	3.79975128174
118.5	29.7	3.75810647011
118.8	29.7	3.77422142029
119.1	29.7	3.81110262871
119.4	29.7	3.81079864502
119.7	29.7	3.80637955666
120	29.7	3.85203003883
120.3	29.7	3.87379980087
120.6	29.7	3.78850460052
120.9	29.7	3.73238062859
121.2	29.7	3.74824357033
121.5	29.7	3.75392746925
121.8	29.7	3.75793623924
122.1	29.7	3.79537439346
122.4	29.7	3.81117296219
114	29.4	3.79728293419
114.3	29.4	3.79590034485
114.6	29.4	3.79056787491
114.9	29.4	3.78328299522
115.2	29.4	3.79354262352
115.5	29.4	3.82264518738
115.8	29.4	3.8351650238
116.1	29.4	3.81051540375
116.4	29.4	3.78626704216
116.7	29.4	3.76585865021
117	29.4	3.76239991188
117.3	29.4	3.79024958611
117.6	29.4	3.81972694397
117.9	29.4	3.80833745003
118.2	29.4	3.78821587563
118.5	29.4	3.79612183571
118.8	29.4	3.82831811905
119.1	29.4	3.81456375122
119.4	29.4	3.77715373039
119.7	29.4	3.81458353996
120	29.4	3.88984060287
120.3	29.4	3.88760471344
120.6	29.4	3.79538798332
120.9	29.4	3.74327921867
121.2	29.4	3.75372219086
121.5	29.4	3.7620203495
121.8	29.4	3.77574324608
122.1	29.4	3.80172586441
122.4	29.4	3.80856132507
114	29.1	3.79747843742
114.3	29.1	3.79613876343
114.6	29.1	3.78901481628
114.9	29.1	3.77537417412
115.2	29.1	3.77428030968
115.5	29.1	3.79609036446
115.8	29.1	3.81593608856
116.1	29.1	3.80999875069
116.4	29.1	3.80898928642
116.7	29.1	3.80998635292
117	29.1	3.79712414742
117.3	29.1	3.78008651733
117.6	29.1	3.77259898186
117.9	29.1	3.76769638062
118.2	29.1	3.77098441124
118.5	29.1	3.80171251297
118.8	29.1	3.82567286491
119.1	29.1	3.78899383545
119.4	29.1	3.76934790611
119.7	29.1	3.83864045143
120	29.1	3.86023783684
120.3	29.1	3.81307721138
120.6	29.1	3.76460170746
120.9	29.1	3.76244235039
121.2	29.1	3.78765797615
121.5	29.1	3.8042075634
121.8	29.1	3.80938410759
122.1	29.1	3.80971050262
122.4	29.1	3.80431056023
114	28.8	3.7974717617
114.3	28.8	3.79612922668
114.6	28.8	3.78873991966
114.9	28.8	3.77261328697
115.2	28.8	3.76460719109
115.5	28.8	3.78153204918
115.8	28.8	3.80916047096
116.1	28.8	3.82057547569
116.4	28.8	3.8333261013
116.7	28.8	3.84948801994
117	28.8	3.84259724617
117.3	28.8	3.81137108803
117.6	28.8	3.78467059135
117.9	28.8	3.77591514587
118.2	28.8	3.77640557289
118.5	28.8	3.79692864418
118.8	28.8	3.80620074272
119.1	28.8	3.79246592522
119.4	28.8	3.82184362411
119.7	28.8	3.8792526722
120	28.8	3.81358718872
120.3	28.8	3.73356628418
120.6	28.8	3.73127555847
120.9	28.8	3.76208639145
121.2	28.8	3.79645776749
121.5	28.8	3.83021593094
121.8	28.8	3.83079719543
122.1	28.8	3.81486678123
122.4	28.8	3.80213069916
114	28.5	3.79733920097
114.3	28.5	3.79663324356
114.6	28.5	3.79233407974
114.9	28.5	3.78378272057
115.2	28.5	3.78468370438
115.5	28.5	3.80678844452
115.8	28.5	3.83243227005
116.1	28.5	3.83126473427
116.4	28.5	3.82237029076
116.7	28.5	3.82570528984
117	28.5	3.83182883263
117.3	28.5	3.82857322693
117.6	28.5	3.81749367714
117.9	28.5	3.8029153347
118.2	28.5	3.78899335861
118.5	28.5	3.79074120522
118.8	28.5	3.79662966728
119.1	28.5	3.81900835037
119.4	28.5	3.87045383453
119.7	28.5	3.88471627235
120	28.5	3.79138708115
120.3	28.5	3.73894238472
120.6	28.5	3.7779147625
120.9	28.5	3.80078554153
121.2	28.5	3.80466651917
121.5	28.5	3.83121228218
121.8	28.5	3.82834935188
122.1	28.5	3.81090188026
122.4	28.5	3.79950976372
114	28.2	3.7971572876
114.3	28.2	3.7971432209
114.6	28.2	3.79645705223
114.9	28.2	3.79726195335
115.2	28.2	3.80907821655
115.5	28.2	3.83312940598
115.8	28.2	3.84596896172
116.1	28.2	3.82283806801
116.4	28.2	3.78990936279
116.7	28.2	3.77488064766
117	28.2	3.78624248505
117.3	28.2	3.81136202812
117.6	28.2	3.82613897324
117.9	28.2	3.81600236893
118.2	28.2	3.79311513901
118.5	28.2	3.78030371666
118.8	28.2	3.7961473465
119.1	28.2	3.84323978424
119.4	28.2	3.88239622116
119.7	28.2	3.86143398285
120	28.2	3.80156946182
120.3	28.2	3.80503368378
120.6	28.2	3.86678338051
120.9	28.2	3.86457228661
121.2	28.2	3.82626509666
121.5	28.2	3.82720851898
121.8	28.2	3.817892313
122.1	28.2	3.80422377586
122.4	28.2	3.79731059074
114	27.9	3.79699754715
114.3	27.9	3.79696035385
114.6	27.9	3.79716205597
114.9	27.9	3.79951262474
115.2	27.9	3.80912327766
115.5	27.9	3.82392787933
115.8	27.9	3.82755112648
116.1	27.9	3.80695962906
116.4	27.9	3.78073525429
116.7	27.9	3.76577329636
117	27.9	3.77262639999
117.3	27.9	3.79725146294
117.6	27.9	3.81910276413
117.9	27.9	3.81838321686
118.2	27.9	3.79874038696
118.5	27.9	3.7843773365
118.8	27.9	3.80907559395
119.1	27.9	3.85648345947
119.4	27.9	3.87313890457
119.7	27.9	3.84333300591
120	27.9	3.81921839714
120.3	27.9	3.84342646599
120.6	27.9	3.88800811768
120.9	27.9	3.86900210381
121.2	27.9	3.82408833504
121.5	27.9	3.81666588783
121.8	27.9	3.80783963203
122.1	27.9	3.79974246025
122.4	27.9	3.79653716087
114	27.6	3.79696178436
114.3	27.6	3.796854496
114.6	27.6	3.7966632843
114.9	27.6	3.79735255241
115.2	27.6	3.80098319054
115.5	27.6	3.8066778183
115.8	27.6	3.80793309212
116.1	27.6	3.79958486557
116.4	27.6	3.78926753998
116.7	27.6	3.78260135651
117	27.6	3.78473353386
117.3	27.6	3.7958881855
117.6	27.6	3.80781388283
117.9	27.6	3.81000781059
118.2	27.6	3.80199360847
118.5	27.6	3.79879546165
118.8	27.6	3.82073092461
119.1	27.6	3.84824919701
119.4	27.6	3.84766364098
119.7	27.6	3.82327365875
120	27.6	3.81206846237
120.3	27.6	3.8247859478
120.6	27.6	3.83849692345
120.9	27.6	3.82025885582
121.2	27.6	3.79797577858
121.5	27.6	3.799939394
121.8	27.6	3.79945039749
122.1	27.6	3.79729747772
122.4	27.6	3.79651808739
114	27.3	3.79700756073
114.3	27.3	3.79693555832
114.6	27.3	3.79673099518
114.9	27.3	3.79650950432
115.2	27.3	3.79704236984
115.5	27.3	3.79838395119
115.8	27.3	3.79892373085
116.1	27.3	3.79739689827
116.4	27.3	3.79547047615
116.7	27.3	3.79398083687
117	27.3	3.7940196991
117.3	27.3	3.7965824604
117.6	27.3	3.8000767231
117.9	27.3	3.80091428757
118.2	27.3	3.79895830154
118.5	27.3	3.7996339798
118.8	27.3	3.81057310104
119.1	27.3	3.82091856003
119.4	27.3	3.81712508202
119.7	27.3	3.80498814583
120	27.3	3.80020189285
120.3	27.3	3.80381250381
120.6	27.3	3.80493855476
120.9	27.3	3.79544258118
121.2	27.3	3.78912615776
121.5	27.3	3.7941672802
121.8	27.3	3.79664707184
122.1	27.3	3.79677534103
122.4	27.3	3.79678368568
