115.5	34.8	2.94285798073
115.8	34.8	2.94303703308
116.1	34.8	2.94294810295
116.4	34.8	2.94123339653
116.7	34.8	2.93611431122
117	34.8	2.93378829956
117.3	34.8	2.94394016266
117.6	34.8	2.95439124107
117.9	34.8	2.95745944977
118.2	34.8	2.96305966377
118.5	34.8	2.97620391846
118.8	34.8	2.98947715759
119.1	34.8	2.9841170311
119.4	34.8	2.95999360085
119.7	34.8	2.94451093674
120	34.8	2.94187831879
120.3	34.8	2.94258069992
120.6	34.8	2.94296360016
120.9	34.8	2.9430141449
121.2	34.8	2.94300985336
121.5	34.8	2.94300174713
121.8	34.8	2.94299912453
122.1	34.8	2.9430000782
122.4	34.8	2.9430000782
115.5	34.5	2.94293475151
115.8	34.5	2.9430308342
116.1	34.5	2.94291400909
116.4	34.5	2.94115662575
116.7	34.5	2.93598294258
117	34.5	2.93569159508
117.3	34.5	2.95307898521
117.6	34.5	2.96959877014
117.9	34.5	2.97029137611
118.2	34.5	2.9753613472
118.5	34.5	2.99840259552
118.8	34.5	3.02145648003
119.1	34.5	3.00938415527
119.4	34.5	2.96821308136
119.7	34.5	2.94435834885
120	34.5	2.9407081604
120.3	34.5	2.9419965744
120.6	34.5	2.9427511692
120.9	34.5	2.942912817
121.2	34.5	2.94298911095
121.5	34.5	2.94300961494
121.8	34.5	2.94299864769
122.1	34.5	2.94299769402
122.4	34.5	2.94300055504
115.5	34.2	2.94297289848
115.8	34.2	2.94299983978
116.1	34.2	2.9431552887
116.4	34.2	2.94244360924
116.7	34.2	2.93980908394
117	34.2	2.94517254829
117.3	34.2	2.96964287758
117.6	34.2	2.98600077629
117.9	34.2	2.97195196152
118.2	34.2	2.96097207069
118.5	34.2	2.98466420174
118.8	34.2	3.01666522026
119.1	34.2	3.00561404228
119.4	34.2	2.96229767799
119.7	34.2	2.94104385376
120	34.2	2.94023275375
120.3	34.2	2.94253182411
120.6	34.2	2.94310307503
120.9	34.2	2.94284486771
121.2	34.2	2.94289469719
121.5	34.2	2.94301342964
121.8	34.2	2.94301748276
122.1	34.2	2.94299197197
122.4	34.2	2.94299602509
115.5	33.9	2.94296908379
115.8	33.9	2.94313216209
116.1	33.9	2.94404888153
116.4	33.9	2.94471502304
116.7	33.9	2.94120049477
117	33.9	2.9435634613
117.3	33.9	2.97124862671
117.6	33.9	2.99107289314
117.9	33.9	2.96241784096
118.2	33.9	2.92748260498
118.5	33.9	2.94250559807
118.8	33.9	2.97888422012
119.1	33.9	2.97683358192
119.4	33.9	2.9463288784
119.7	33.9	2.93640136719
120	33.9	2.94259381294
120.3	33.9	2.94701695442
120.6	33.9	2.94597291946
120.9	33.9	2.94348311424
121.2	33.9	2.94277620316
121.5	33.9	2.9429705143
121.8	33.9	2.94309425354
122.1	33.9	2.94302749634
122.4	33.9	2.94298481941
115.5	33.6	2.94305491447
115.8	33.6	2.94347214699
116.1	33.6	2.94533610344
116.4	33.6	2.94892477989
116.7	33.6	2.94493746758
117	33.6	2.93180155754
117.3	33.6	2.94356250763
117.6	33.6	2.9668006897
117.9	33.6	2.9427421093
118.2	33.6	2.90305495262
118.5	33.6	2.9155728817
118.8	33.6	2.9492483139
119.1	33.6	2.95246171951
119.4	33.6	2.93420386314
119.7	33.6	2.93173885345
120	33.6	2.94463562965
120.3	33.6	2.95402956009
120.6	33.6	2.95157575607
120.9	33.6	2.945271492
121.2	33.6	2.94266963005
121.5	33.6	2.9425868988
121.8	33.6	2.94309830666
122.1	33.6	2.94318151474
122.4	33.6	2.94301891327
115.5	33.3	2.94322991371
115.8	33.3	2.94306230545
116.1	33.3	2.94300794601
116.4	33.3	2.94779133797
116.7	33.3	2.95220017433
117	33.3	2.93473696709
117.3	33.3	2.91808366776
117.6	33.3	2.92315173149
117.9	33.3	2.91270709038
118.2	33.3	2.89679884911
118.5	33.3	2.91984820366
118.8	33.3	2.9438598156
119.1	33.3	2.94629216194
119.4	33.3	2.93527388573
119.7	33.3	2.92853617668
120	33.3	2.93790102005
120.3	33.3	2.95320940018
120.6	33.3	2.95396947861
120.9	33.3	2.94700074196
121.2	33.3	2.94295692444
121.5	33.3	2.9412586689
121.8	33.3	2.94220709801
122.1	33.3	2.94327282906
122.4	33.3	2.94318294525
115.5	33	2.94329690933
115.8	33	2.94081163406
116.1	33	2.93291640282
116.4	33	2.92802906036
116.7	33	2.93425750732
117	33	2.93030571938
117.3	33	2.92159724236
117.6	33	2.92077851295
117.9	33	2.91814684868
118.2	33	2.92090010643
118.5	33	2.94122099876
118.8	33	2.94322323799
119.1	33	2.94589495659
119.4	33	2.94850635529
119.7	33	2.93041872978
120	33	2.91812372208
120.3	33	2.93262624741
120.6	33	2.94345259666
120.9	33	2.94770169258
121.2	33	2.94754600525
121.5	33	2.93972420692
121.8	33	2.93891572952
122.1	33	2.94245386124
122.4	33	2.94335961342
115.5	32.7	2.94305562973
115.8	32.7	2.93768405914
116.1	32.7	2.92228364944
116.4	32.7	2.90564465523
116.7	32.7	2.89670586586
117	32.7	2.88770532608
117.3	32.7	2.90749239922
117.6	32.7	2.95142126083
117.9	32.7	2.97331047058
118.2	32.7	2.95995402336
118.5	32.7	2.93201780319
118.8	32.7	2.90278315544
119.1	32.7	2.91906166077
119.4	32.7	2.95537638664
119.7	32.7	2.93051457405
120	32.7	2.88442754745
120.3	32.7	2.89131116867
120.6	32.7	2.9181625843
120.9	32.7	2.95294260979
121.2	32.7	2.96774744987
121.5	32.7	2.94348478317
121.8	32.7	2.93330168724
122.1	32.7	2.93989825249
122.4	32.7	2.94315171242
115.5	32.4	2.94211053848
115.8	32.4	2.93476915359
116.1	32.4	2.91823291779
116.4	32.4	2.90070509911
116.7	32.4	2.87669086456
117	32.4	2.83885002136
117.3	32.4	2.84738540649
117.6	32.4	2.92125344276
117.9	32.4	2.98918509483
118.2	32.4	2.97693490982
118.5	32.4	2.89740967751
118.8	32.4	2.83466243744
119.1	32.4	2.85501146317
119.4	32.4	2.92436027527
119.7	32.4	2.90622091293
120	32.4	2.83859348297
120.3	32.4	2.8488175869
120.6	32.4	2.8944208622
120.9	32.4	2.96528339386
121.2	32.4	3.00318598747
121.5	32.4	2.95676994324
121.8	32.4	2.92943120003
122.1	32.4	2.93706274033
122.4	32.4	2.94261908531
115.5	32.1	2.94129920006
115.8	32.1	2.93471932411
116.1	32.1	2.92405581474
116.4	32.1	2.91507482529
116.7	32.1	2.8911151886
117	32.1	2.83566713333
117.3	32.1	2.81212162971
117.6	32.1	2.86864066124
117.9	32.1	2.95162582397
118.2	32.1	2.97050023079
118.5	32.1	2.90608429909
118.8	32.1	2.82930040359
119.1	32.1	2.80143141747
119.4	32.1	2.82857108116
119.7	32.1	2.81659007072
120	32.1	2.7888212204
120.3	32.1	2.84118461609
120.6	32.1	2.88900327682
120.9	32.1	2.94149851799
121.2	32.1	2.98887276649
121.5	32.1	2.95609879494
121.8	32.1	2.9306576252
122.1	32.1	2.93691492081
122.4	32.1	2.9424059391
115.5	31.8	2.94210457802
115.8	31.8	2.94002556801
116.1	31.8	2.93786001205
116.4	31.8	2.93510389328
116.7	31.8	2.91562318802
117	31.8	2.86614203453
117.3	31.8	2.82797670364
117.6	31.8	2.85293412209
117.9	31.8	2.91339206696
118.2	31.8	2.94511961937
118.5	31.8	2.93719935417
118.8	31.8	2.89821195602
119.1	31.8	2.82750582695
119.4	31.8	2.7692258358
119.7	31.8	2.73299527168
120	31.8	2.76582479477
120.3	31.8	2.8798789978
120.6	31.8	2.91481947899
120.9	31.8	2.89982128143
121.2	31.8	2.93332839012
121.5	31.8	2.94796824455
121.8	31.8	2.94177961349
122.1	31.8	2.9384803772
122.4	31.8	2.94048643112
115.5	31.5	2.94360518456
115.8	31.5	2.94739055634
116.1	31.5	2.95699596405
116.4	31.5	2.96724033356
116.7	31.5	2.96381163597
117	31.5	2.94218325615
117.3	31.5	2.90780568123
117.6	31.5	2.88802456856
117.9	31.5	2.8933839798
118.2	31.5	2.89010810852
118.5	31.5	2.88884973526
118.8	31.5	2.89201164246
119.1	31.5	2.86529421806
119.4	31.5	2.82766413689
119.7	31.5	2.80067801476
120	31.5	2.83728504181
120.3	31.5	2.92582917213
120.6	31.5	2.91121506691
120.9	31.5	2.85825872421
121.2	31.5	2.893471241
121.5	31.5	2.94321608543
121.8	31.5	2.9433760643
122.1	31.5	2.92674183846
122.4	31.5	2.93003773689
115.5	31.2	2.94374299049
115.8	31.2	2.94954776764
116.1	31.2	2.96682262421
116.4	31.2	2.99366617203
116.7	31.2	3.01649236679
117	31.2	3.0286591053
117.3	31.2	3.01056289673
117.6	31.2	2.96163797379
117.9	31.2	2.91524267197
118.2	31.2	2.86023640633
118.5	31.2	2.81229233742
118.8	31.2	2.80857276917
119.1	31.2	2.84137248993
119.4	31.2	2.88191390038
119.7	31.2	2.9093477726
120	31.2	2.92698502541
120.3	31.2	2.90537881851
120.6	31.2	2.84211397171
120.9	31.2	2.85735726357
121.2	31.2	2.94473695755
121.5	31.2	2.9845290184
121.8	31.2	2.95356035233
122.1	31.2	2.91740703583
122.4	31.2	2.91810011864
115.5	30.9	2.9428050518
115.8	30.9	2.94581532478
116.1	30.9	2.95875930786
116.4	30.9	2.98588466644
116.7	30.9	3.01965785027
117	30.9	3.0486497879
117.3	30.9	3.05432510376
117.6	30.9	3.02977871895
117.9	30.9	2.9921503067
118.2	30.9	2.93356561661
118.5	30.9	2.86498570442
118.8	30.9	2.83437538147
119.1	30.9	2.86623120308
119.4	30.9	2.91264772415
119.7	30.9	2.96329474449
120	30.9	2.97561979294
120.3	30.9	2.85853052139
120.6	30.9	2.78304481506
120.9	30.9	2.88196063042
121.2	30.9	3.00129008293
121.5	30.9	3.01664924622
121.8	30.9	2.97563529015
122.1	30.9	2.94100451469
122.4	30.9	2.92890024185
115.5	30.6	2.9424738884
115.8	30.6	2.94249200821
116.1	30.6	2.94666266441
116.4	30.6	2.96016287804
116.7	30.6	2.9834394455
117	30.6	3.01037859917
117.3	30.6	3.03384447098
117.6	30.6	3.05344462395
117.9	30.6	3.07005643845
118.2	30.6	3.06298565865
118.5	30.6	3.02294397354
118.8	30.6	2.99064660072
119.1	30.6	3.00750088692
119.4	30.6	3.02489805222
119.7	30.6	3.05102801323
120	30.6	3.03544068336
120.3	30.6	2.88817811012
120.6	30.6	2.81686878204
120.9	30.6	2.87513923645
121.2	30.6	2.92574763298
121.5	30.6	2.94644021988
121.8	30.6	2.9714050293
122.1	30.6	2.98390722275
122.4	30.6	2.96481847763
115.5	30.3	2.94278621674
115.8	30.3	2.9421172142
116.1	30.3	2.94191765785
116.4	30.3	2.94524002075
116.7	30.3	2.95553469658
117	30.3	2.97450733185
117.3	30.3	3.00314950943
117.6	30.3	3.04292988777
117.9	30.3	3.09081077576
118.2	30.3	3.12055158615
118.5	30.3	3.10628271103
118.8	30.3	3.08611798286
119.1	30.3	3.09960055351
119.4	30.3	3.10633659363
119.7	30.3	3.10663986206
120	30.3	3.07265353203
120.3	30.3	2.97606778145
120.6	30.3	2.9351170063
120.9	30.3	2.90985202789
121.2	30.3	2.87220430374
121.5	30.3	2.90878033638
121.8	30.3	2.98479795456
122.1	30.3	3.01908826828
122.4	30.3	2.99214577675
115.5	30	2.94302153587
115.8	30	2.94271850586
116.1	30	2.94193696976
116.4	30	2.9415781498
116.7	30	2.94410872459
117	30	2.95305895805
117.3	30	2.9729385376
117.6	30	3.0085144043
117.9	30	3.05836391449
118.2	30	3.09374022484
118.5	30	3.08425283432
118.8	30	3.0706486702
119.1	30	3.09054040909
119.4	30	3.10077667236
119.7	30	3.09221792221
120	30	3.08665776253
120.3	30	3.07285547256
120.6	30	3.06145381927
120.9	30	3.02237296104
121.2	30	2.98505997658
121.5	30	3.02104568481
121.8	30	3.06559300423
122.1	30	3.04697299004
122.4	30	2.9918718338
115.5	29.7	2.94304180145
115.8	29.7	2.94303250313
116.1	29.7	2.94271278381
116.4	29.7	2.94199419022
116.7	29.7	2.94159436226
117	29.7	2.94335770607
117.3	29.7	2.95112013817
117.6	29.7	2.97255420685
117.9	29.7	3.01431322098
118.2	29.7	3.05922436714
118.5	29.7	3.07451343536
118.8	29.7	3.0766210556
119.1	29.7	3.09235906601
119.4	29.7	3.09039258957
119.7	29.7	3.06868267059
120	29.7	3.07583642006
120.3	29.7	3.09826660156
120.6	29.7	3.08626151085
120.9	29.7	3.06413650513
121.2	29.7	3.0709965229
121.5	29.7	3.09890937805
121.8	29.7	3.09786963463
122.1	29.7	3.03801059723
122.4	29.7	2.97389554977
115.5	29.4	2.9430065155
115.8	29.4	2.94304871559
116.1	29.4	2.94303846359
116.4	29.4	2.94276309013
116.7	29.4	2.94211602211
117	29.4	2.9413125515
117.3	29.4	2.94190382957
117.6	29.4	2.95073699951
117.9	29.4	2.98223423958
118.2	29.4	3.04058408737
118.5	29.4	3.09273815155
118.8	29.4	3.1047205925
119.1	29.4	3.08862090111
119.4	29.4	3.06648159027
119.7	29.4	3.0621407032
120	29.4	3.08324933052
120.3	29.4	3.10648226738
120.6	29.4	3.08678627014
120.9	29.4	3.06860566139
121.2	29.4	3.09126281738
121.5	29.4	3.10256242752
121.8	29.4	3.0695040226
122.1	29.4	3.00242376328
122.4	29.4	2.95434165001
115.5	29.1	2.94299674034
115.8	29.1	2.94300723076
116.1	29.1	2.9430475235
116.4	29.1	2.94304871559
116.7	29.1	2.94285106659
117	29.1	2.94212865829
117.3	29.1	2.94062590599
117.6	29.1	2.94152951241
117.9	29.1	2.95834732056
118.2	29.1	3.00858640671
118.5	29.1	3.07549834251
118.8	29.1	3.10087418556
119.1	29.1	3.07448029518
119.4	29.1	3.0680603981
119.7	29.1	3.09715437889
120	29.1	3.10768032074
120.3	29.1	3.10875678062
120.6	29.1	3.09138393402
120.9	29.1	3.07505297661
121.2	29.1	3.08298540115
121.5	29.1	3.06946444511
121.8	29.1	3.02045345306
122.1	29.1	2.96788406372
122.4	29.1	2.94298315048
115.5	28.8	2.94299960136
115.8	28.8	2.94299650192
116.1	28.8	2.94300603867
116.4	28.8	2.94304180145
116.7	28.8	2.94308018684
117	28.8	2.94292855263
117.3	28.8	2.94183111191
117.6	28.8	2.93980050087
117.9	28.8	2.94410729408
118.2	28.8	2.97278785706
118.5	28.8	3.03011465073
118.8	28.8	3.0723528862
119.1	28.8	3.07859325409
119.4	28.8	3.11069846153
119.7	28.8	3.14173173904
120	28.8	3.11577534676
120.3	28.8	3.09715628624
120.6	28.8	3.09514713287
120.9	28.8	3.08776783943
121.2	28.8	3.07363653183
121.5	28.8	3.03274798393
121.8	28.8	2.9796192646
122.1	28.8	2.94747638702
122.4	28.8	2.93973660469
115.5	28.5	2.94300031662
115.8	28.5	2.94299960136
116.1	28.5	2.94299650192
116.4	28.5	2.94300198555
116.7	28.5	2.94304156303
117	28.5	2.94312667847
117.3	28.5	2.94285035133
117.6	28.5	2.94109916687
117.9	28.5	2.93962955475
118.2	28.5	2.95057177544
118.5	28.5	2.99030423164
118.8	28.5	3.04574346542
119.1	28.5	3.09383797646
119.4	28.5	3.1400282383
119.7	28.5	3.13938450813
120	28.5	3.08958601952
120.3	28.5	3.07842350006
120.6	28.5	3.10490107536
120.9	28.5	3.11576628685
121.2	28.5	3.08226060867
121.5	28.5	3.01206755638
121.8	28.5	2.95707130432
122.1	28.5	2.93970489502
122.4	28.5	2.94031381607
115.5	28.2	2.9430000782
115.8	28.2	2.9430000782
116.1	28.2	2.94299960136
116.4	28.2	2.9429962635
116.7	28.2	2.94299888611
117	28.2	2.94306302071
117.3	28.2	2.94314956665
117.6	28.2	2.94238305092
117.9	28.2	2.93989562988
118.2	28.2	2.94206595421
118.5	28.2	2.96891593933
118.8	28.2	3.0311357975
119.1	28.2	3.09848928452
119.4	28.2	3.12337207794
119.7	28.2	3.08757901192
120	28.2	3.04180240631
120.3	28.2	3.05452942848
120.6	28.2	3.10956978798
120.9	28.2	3.14475917816
121.2	28.2	3.10171437263
121.5	28.2	3.0074596405
121.8	28.2	2.9495215416
122.1	28.2	2.93856263161
122.4	28.2	2.94146871567
115.5	27.9	2.9430000782
115.8	27.9	2.9430000782
116.1	27.9	2.9430000782
116.4	27.9	2.94299960136
116.7	27.9	2.94299554825
117	27.9	2.94300985336
117.3	27.9	2.94310641289
117.6	27.9	2.94289851189
117.9	27.9	2.94118738174
118.2	27.9	2.94113349915
118.5	27.9	2.96092128754
118.8	27.9	3.01956605911
119.1	27.9	3.08086395264
119.4	27.9	3.07786822319
119.7	27.9	3.02608585358
120	27.9	2.9944088459
120.3	27.9	3.01894450188
120.6	27.9	3.0835044384
120.9	27.9	3.1371011734
121.2	27.9	3.1007642746
121.5	27.9	3.00328350067
121.8	27.9	2.94808769226
122.1	27.9	2.93953132629
122.4	27.9	2.94214463234
115.5	27.6	2.9430000782
115.8	27.6	2.9430000782
116.1	27.6	2.9430000782
116.4	27.6	2.9430000782
116.7	27.6	2.94299912453
117	27.6	2.94299840927
117.3	27.6	2.94304227829
117.6	27.6	2.94300580025
117.9	27.6	2.94207549095
118.2	27.6	2.94158935547
118.5	27.6	2.95389842987
118.8	27.6	2.99512958527
119.1	27.6	3.0353281498
119.4	27.6	3.02168369293
119.7	27.6	2.97906279564
120	27.6	2.95941948891
120.3	27.6	2.97752594948
120.6	27.6	3.02816987038
120.9	27.6	3.08111596107
121.2	27.6	3.06128835678
121.5	27.6	2.98707604408
121.8	27.6	2.94619417191
122.1	27.6	2.94064998627
122.4	27.6	2.94251084328
115.5	27.3	2.9430000782
115.8	27.3	2.9430000782
116.1	27.3	2.9430000782
116.4	27.3	2.9430000782
116.7	27.3	2.94299960136
117	27.3	2.94300055504
117.3	27.3	2.94301819801
117.6	27.3	2.94303107262
117.9	27.3	2.94253587723
118.2	27.3	2.94148373604
118.5	27.3	2.94562482834
118.8	27.3	2.96376276016
119.1	27.3	2.98118209839
119.4	27.3	2.97155666351
119.7	27.3	2.95039153099
120	27.3	2.94153189659
120.3	27.3	2.94919252396
120.6	27.3	2.97498321533
120.9	27.3	3.00803875923
121.2	27.3	3.00153398514
121.5	27.3	2.96302962303
121.8	27.3	2.9429192543
122.1	27.3	2.94137215614
122.4	27.3	2.94278335571
