115.5	34.8	3.37807321548
115.8	34.8	3.37901163101
116.1	34.8	3.37782549858
116.4	34.8	3.36043262482
116.7	34.8	3.3138833046
117	34.8	3.27677440643
117.3	34.8	3.29578995705
117.6	34.8	3.32781004906
117.9	34.8	3.34316086769
118.2	34.8	3.3527173996
118.5	34.8	3.37530684471
118.8	34.8	3.40889239311
119.1	34.8	3.426248312
119.4	34.8	3.40286374092
119.7	34.8	3.37429976463
120	34.8	3.37304544449
120.3	34.8	3.37950730324
120.6	34.8	3.38034653664
120.9	34.8	3.3785841465
121.2	34.8	3.37782454491
121.5	34.8	3.3779129982
121.8	34.8	3.37800645828
122.1	34.8	3.37800478935
122.4	34.8	3.37800049782
115.5	34.5	3.37823939323
115.8	34.5	3.37912750244
116.1	34.5	3.37643408775
116.4	34.5	3.35246253014
116.7	34.5	3.29469347
117	34.5	3.25250196457
117.3	34.5	3.27684569359
117.6	34.5	3.31761002541
117.9	34.5	3.33673644066
118.2	34.5	3.34204673767
118.5	34.5	3.36286902428
118.8	34.5	3.40801119804
119.1	34.5	3.4417154789
119.4	34.5	3.40866947174
119.7	34.5	3.35451817513
120	34.5	3.34988427162
120.3	34.5	3.36951994896
120.6	34.5	3.38048934937
120.9	34.5	3.38028311729
121.2	34.5	3.37830853462
121.5	34.5	3.37780046463
121.8	34.5	3.37793111801
122.1	34.5	3.37799930573
122.4	34.5	3.37800478935
115.5	34.2	3.378251791
115.8	34.2	3.37878966331
116.1	34.2	3.37553286552
116.4	34.2	3.35353469849
116.7	34.2	3.30648684502
117	34.2	3.27681970596
117.3	34.2	3.29761576653
117.6	34.2	3.33557701111
117.9	34.2	3.36022853851
118.2	34.2	3.35997009277
118.5	34.2	3.36175060272
118.8	34.2	3.39375567436
119.1	34.2	3.42563796043
119.4	34.2	3.38440775871
119.7	34.2	3.3063223362
120	34.2	3.29449605942
120.3	34.2	3.33622813225
120.6	34.2	3.37216162682
120.9	34.2	3.38164901733
121.2	34.2	3.3798892498
121.5	34.2	3.37814426422
121.8	34.2	3.37786841393
122.1	34.2	3.37793707848
122.4	34.2	3.37798857689
115.5	33.9	3.37810349464
115.8	33.9	3.37829780579
116.1	33.9	3.37593364716
116.4	33.9	3.36225938797
116.7	33.9	3.33569598198
117	33.9	3.3200211525
117.3	33.9	3.32875037193
117.6	33.9	3.35385942459
117.9	33.9	3.38042998314
118.2	33.9	3.3835644722
118.5	33.9	3.37454414368
118.8	33.9	3.37908172607
119.1	33.9	3.3811006546
119.4	33.9	3.33280324936
119.7	33.9	3.24767065048
120	33.9	3.22753143311
120.3	33.9	3.28652119637
120.6	33.9	3.35204553604
120.9	33.9	3.37911987305
121.2	33.9	3.38201284409
121.5	33.9	3.37949156761
121.8	33.9	3.37827944756
122.1	33.9	3.37799024582
122.4	33.9	3.37793564796
115.5	33.6	3.37799406052
115.8	33.6	3.37829566002
116.1	33.6	3.37854266167
116.4	33.6	3.37604260445
116.7	33.6	3.36979651451
117	33.6	3.36421370506
117.3	33.6	3.36247181892
117.6	33.6	3.36779642105
117.9	33.6	3.3734190464
118.2	33.6	3.37556576729
118.5	33.6	3.37890100479
118.8	33.6	3.36191296577
119.1	33.6	3.31983733177
119.4	33.6	3.27085757256
119.7	33.6	3.21419978142
120	33.6	3.20276904106
120.3	33.6	3.25530195236
120.6	33.6	3.32421278954
120.9	33.6	3.3655090332
121.2	33.6	3.37995576859
121.5	33.6	3.38030195236
121.8	33.6	3.37907600403
122.1	33.6	3.37850427628
122.4	33.6	3.37804055214
115.5	33.3	3.37799263
115.8	33.3	3.37848997116
116.1	33.3	3.38068032265
116.4	33.3	3.38605546951
116.7	33.3	3.39437913895
117	33.3	3.40247178078
117.3	33.3	3.40557193756
117.6	33.3	3.39944434166
117.9	33.3	3.37728786469
118.2	33.3	3.36768841743
118.5	33.3	3.38169193268
118.8	33.3	3.34448313713
119.1	33.3	3.25850987434
119.4	33.3	3.20992612839
119.7	33.3	3.20745611191
120	33.3	3.23173379898
120.3	33.3	3.26012468338
120.6	33.3	3.28880786896
120.9	33.3	3.32954263687
121.2	33.3	3.36483812332
121.5	33.3	3.37539458275
121.8	33.3	3.37753176689
122.1	33.3	3.37885022163
122.4	33.3	3.37850165367
115.5	33	3.37797737122
115.8	33	3.37791419029
116.1	33	3.3785405159
116.4	33	3.38227820396
116.7	33	3.39266347885
117	33	3.41025471687
117.3	33	3.42756485939
117.6	33	3.42828655243
117.9	33	3.40700793266
118.2	33	3.39879083633
118.5	33	3.40641832352
118.8	33	3.35495352745
119.1	33	3.24949288368
119.4	33	3.19347190857
119.7	33	3.21435046196
120	33	3.26369047165
120.3	33	3.27205061913
120.6	33	3.24015140533
120.9	33	3.27030968666
121.2	33	3.34054517746
121.5	33	3.3645825386
121.8	33	3.37027168274
122.1	33	3.37679100037
122.4	33	3.3786945343
115.5	32.7	3.37797236443
115.8	32.7	3.37726998329
116.1	32.7	3.376060009
116.4	32.7	3.37655353546
116.7	32.7	3.38046526909
117	32.7	3.38752985001
117.3	32.7	3.40083026886
117.6	32.7	3.40903496742
117.9	32.7	3.40558624268
118.2	32.7	3.40427780151
118.5	32.7	3.40085554123
118.8	32.7	3.36775040627
119.1	32.7	3.29989337921
119.4	32.7	3.26005721092
119.7	32.7	3.26296901703
120	32.7	3.28482723236
120.3	32.7	3.26770758629
120.6	32.7	3.1839363575
120.9	32.7	3.2249584198
121.2	32.7	3.34979462624
121.5	32.7	3.37052774429
121.8	32.7	3.36359930038
122.1	32.7	3.37221980095
122.4	32.7	3.377617836
115.5	32.4	3.37783169746
115.8	32.4	3.37680959702
116.1	32.4	3.37683105469
116.4	32.4	3.38143348694
116.7	32.4	3.38167285919
117	32.4	3.36157989502
117.3	32.4	3.34995007515
117.6	32.4	3.37180924416
117.9	32.4	3.39722728729
118.2	32.4	3.39769673347
118.5	32.4	3.3751885891
118.8	32.4	3.36185503006
119.1	32.4	3.34006810188
119.4	32.4	3.32791781425
119.7	32.4	3.31470108032
120	32.4	3.29217481613
120.3	32.4	3.24828004837
120.6	32.4	3.15331554413
120.9	32.4	3.24910736084
121.2	32.4	3.43050169945
121.5	32.4	3.41673755646
121.8	32.4	3.3725669384
122.1	32.4	3.37211155891
122.4	32.4	3.37646985054
115.5	32.1	3.3772456646
115.8	32.1	3.37546849251
116.1	32.1	3.37858104706
116.4	32.1	3.39478302002
116.7	32.1	3.39891076088
117	32.1	3.34481024742
117.3	32.1	3.29239797592
117.6	32.1	3.32365751266
117.9	32.1	3.37982916832
118.2	32.1	3.39269256592
118.5	32.1	3.36879634857
118.8	32.1	3.35906791687
119.1	32.1	3.3515651226
119.4	32.1	3.34660410881
119.7	32.1	3.33565759659
120	32.1	3.31410074234
120.3	32.1	3.29214739799
120.6	32.1	3.23778104782
120.9	32.1	3.33120346069
121.2	32.1	3.47468686104
121.5	32.1	3.44063544273
121.8	32.1	3.39103579521
122.1	32.1	3.3814291954
122.4	32.1	3.37822818756
115.5	31.8	3.3763821125
115.8	31.8	3.37231612206
116.1	31.8	3.37412619591
116.4	31.8	3.39820933342
116.7	31.8	3.41711044312
117	31.8	3.36152434349
117.3	31.8	3.28700494766
117.6	31.8	3.30224561691
117.9	31.8	3.35450649261
118.2	31.8	3.37468218803
118.5	31.8	3.37080335617
118.8	31.8	3.37097072601
119.1	31.8	3.36897206306
119.4	31.8	3.35455918312
119.7	31.8	3.3342897892
120	31.8	3.33540296555
120.3	31.8	3.35737252235
120.6	31.8	3.34507846832
120.9	31.8	3.3745970726
121.2	31.8	3.42907810211
121.5	31.8	3.42385482788
121.8	31.8	3.41521430016
122.1	31.8	3.39962935448
122.4	31.8	3.38293790817
115.5	31.5	3.37641692162
115.8	31.5	3.37023639679
116.1	31.5	3.36339855194
116.4	31.5	3.37484312057
116.7	31.5	3.40042209625
117	31.5	3.38524770737
117.3	31.5	3.34373426437
117.6	31.5	3.34238862991
117.9	31.5	3.35857343674
118.2	31.5	3.36043477058
118.5	31.5	3.3623046875
118.8	31.5	3.36646771431
119.1	31.5	3.37329006195
119.4	31.5	3.36088371277
119.7	31.5	3.33154702187
120	31.5	3.341132164
120.3	31.5	3.38135790825
120.6	31.5	3.38411545753
120.9	31.5	3.37059497833
121.2	31.5	3.37824392319
121.5	31.5	3.40599894524
121.8	31.5	3.4290561676
122.1	31.5	3.40966534615
122.4	31.5	3.38340735435
115.5	31.2	3.37751603127
115.8	31.2	3.37241148949
116.1	31.2	3.36064529419
116.4	31.2	3.35523319244
116.7	31.2	3.37388896942
117	31.2	3.39560317993
117.3	31.2	3.39931130409
117.6	31.2	3.39491438866
117.9	31.2	3.38263130188
118.2	31.2	3.36337733269
118.5	31.2	3.35479044914
118.8	31.2	3.35040140152
119.1	31.2	3.36699533463
119.4	31.2	3.37522745132
119.7	31.2	3.35311150551
120	31.2	3.35265231133
120.3	31.2	3.38239073753
120.6	31.2	3.38759207726
120.9	31.2	3.37746429443
121.2	31.2	3.38743114471
121.5	31.2	3.4190056324
121.8	31.2	3.43807864189
122.1	31.2	3.40909337997
122.4	31.2	3.37652730942
115.5	30.9	3.37835097313
115.8	30.9	3.37648439407
116.1	30.9	3.36953997612
116.4	30.9	3.36396241188
116.7	30.9	3.37798142433
117	30.9	3.40764188766
117.3	30.9	3.42219495773
117.6	30.9	3.41767239571
117.9	30.9	3.4072470665
118.2	30.9	3.3932697773
118.5	30.9	3.37827801704
118.8	30.9	3.36295866966
119.1	30.9	3.38550853729
119.4	30.9	3.40740442276
119.7	30.9	3.39053010941
120	30.9	3.37701153755
120.3	30.9	3.3873398304
120.6	30.9	3.39412546158
120.9	30.9	3.40104961395
121.2	30.9	3.41848158836
121.5	30.9	3.44125390053
121.8	30.9	3.45014595985
122.1	30.9	3.41291356087
122.4	30.9	3.37332963943
115.5	30.6	3.37829470634
115.8	30.6	3.37825274467
116.1	30.6	3.37658524513
116.4	30.6	3.37635874748
116.7	30.6	3.38880300522
117	30.6	3.41215586662
117.3	30.6	3.42266631126
117.6	30.6	3.42579460144
117.9	30.6	3.43968033791
118.2	30.6	3.44567513466
118.5	30.6	3.41882562637
118.8	30.6	3.38710260391
119.1	30.6	3.40896487236
119.4	30.6	3.42555761337
119.7	30.6	3.40673208237
120	30.6	3.39869904518
120.3	30.6	3.39825367928
120.6	30.6	3.39874458313
120.9	30.6	3.4145359993
121.2	30.6	3.43002414703
121.5	30.6	3.43686723709
121.8	30.6	3.44130444527
122.1	30.6	3.41762876511
122.4	30.6	3.38335990906
115.5	30.3	3.37804245949
115.8	30.3	3.37815189362
116.1	30.3	3.37797641754
116.4	30.3	3.37869691849
116.7	30.3	3.38479495049
117	30.3	3.39476275444
117.3	30.3	3.39982008934
117.6	30.3	3.41389966011
117.9	30.3	3.44705462456
118.2	30.3	3.45555138588
118.5	30.3	3.40096640587
118.8	30.3	3.3603644371
119.1	30.3	3.39705038071
119.4	30.3	3.41823816299
119.7	30.3	3.40563893318
120	30.3	3.41875219345
120.3	30.3	3.42551589012
120.6	30.3	3.41170430183
120.9	30.3	3.42386507988
121.2	30.3	3.4403719902
121.5	30.3	3.42622971535
121.8	30.3	3.41732621193
122.1	30.3	3.41462683678
122.4	30.3	3.39746046066
115.5	30	3.37798786163
115.8	30	3.37797427177
116.1	30	3.37781333923
116.4	30	3.37777304649
116.7	30	3.37929129601
117	30	3.38155269623
117.3	30	3.38262176514
117.6	30	3.39291596413
117.9	30	3.41634917259
118.2	30	3.40708255768
118.5	30	3.33852624893
118.8	30	3.31789255142
119.1	30	3.38398146629
119.4	30	3.42265868187
119.7	30	3.41566848755
120	30	3.43345665932
120.3	30	3.45264720917
120.6	30	3.43719220161
120.9	30	3.43842387199
121.2	30	3.45529198647
121.5	30	3.44287014008
121.8	30	3.42661619186
122.1	30	3.42130994797
122.4	30	3.40335202217
115.5	29.7	3.37800717354
115.8	29.7	3.37799739838
116.1	29.7	3.3778731823
116.4	29.7	3.37758088112
116.7	29.7	3.37749147415
117	29.7	3.37746810913
117.3	29.7	3.37700390816
117.6	29.7	3.3807220459
117.9	29.7	3.39330172539
118.2	29.7	3.39700913429
118.5	29.7	3.38290190697
118.8	29.7	3.3990020752
119.1	29.7	3.44886636734
119.4	29.7	3.46938228607
119.7	29.7	3.44590258598
120	29.7	3.44073009491
120.3	29.7	3.45706057549
120.6	29.7	3.44856977463
120.9	29.7	3.4428088665
121.2	29.7	3.45786976814
121.5	29.7	3.4632229805
121.8	29.7	3.45158529282
122.1	29.7	3.42991876602
122.4	29.7	3.40063738823
115.5	29.4	3.37800383568
115.8	29.4	3.37801885605
116.1	29.4	3.3780002594
116.4	29.4	3.37784838676
116.7	29.4	3.37761712074
117	29.4	3.37732839584
117.3	29.4	3.3768787384
117.6	29.4	3.37905025482
117.9	29.4	3.39266729355
118.2	29.4	3.42616868019
118.5	29.4	3.465467453
118.8	29.4	3.48827600479
119.1	29.4	3.49992609024
119.4	29.4	3.49921488762
119.7	29.4	3.46997690201
120	29.4	3.45301580429
120.3	29.4	3.46015095711
120.6	29.4	3.45314121246
120.9	29.4	3.44576573372
121.2	29.4	3.46306443214
121.5	29.4	3.47669124603
121.8	29.4	3.45609641075
122.1	29.4	3.42055988312
122.4	29.4	3.39054608345
115.5	29.1	3.37799859047
115.8	29.1	3.37800598145
116.1	29.1	3.378023386
116.4	29.1	3.37800502777
116.7	29.1	3.37791419029
117	29.1	3.37772464752
117.3	29.1	3.37731647491
117.6	29.1	3.37819504738
117.9	29.1	3.38872861862
118.2	29.1	3.42254924774
118.5	29.1	3.47044038773
118.8	29.1	3.49443244934
119.1	29.1	3.49160075188
119.4	29.1	3.48813796043
119.7	29.1	3.47477316856
120	29.1	3.4576830864
120.3	29.1	3.45205187798
120.6	29.1	3.44790220261
120.9	29.1	3.44968032837
121.2	29.1	3.47758746147
121.5	29.1	3.48936462402
121.8	29.1	3.44708752632
122.1	29.1	3.40309619904
122.4	29.1	3.38096547127
115.5	28.8	3.37799954414
115.8	28.8	3.37799835205
116.1	28.8	3.37800598145
116.4	28.8	3.37801885605
116.7	28.8	3.37801289558
117	28.8	3.37793779373
117.3	28.8	3.37753844261
117.6	28.8	3.37704992294
117.9	28.8	3.38104391098
118.2	28.8	3.40027666092
118.5	28.8	3.43558430672
118.8	28.8	3.45913767815
119.1	28.8	3.4569466114
119.4	28.8	3.46257019043
119.7	28.8	3.46570301056
120	28.8	3.4446644783
120.3	28.8	3.43134784698
120.6	28.8	3.44054484367
120.9	28.8	3.45603084564
121.2	28.8	3.48962593079
121.5	28.8	3.49116134644
121.8	28.8	3.43247747421
122.1	28.8	3.38907885551
122.4	28.8	3.37620615959
115.5	28.5	3.37800002098
115.8	28.5	3.37799954414
116.1	28.5	3.37799930573
116.4	28.5	3.3780040741
116.7	28.5	3.37801456451
117	28.5	3.37801647186
117.3	28.5	3.37780690193
117.6	28.5	3.37704825401
117.9	28.5	3.37746238708
118.2	28.5	3.38666415215
118.5	28.5	3.40948224068
118.8	28.5	3.42732095718
119.1	28.5	3.42581987381
119.4	28.5	3.43449926376
119.7	28.5	3.44132351875
120	28.5	3.42138409615
120.3	28.5	3.41780352592
120.6	28.5	3.4504468441
120.9	28.5	3.47981333733
121.2	28.5	3.5031683445
121.5	28.5	3.48160886765
121.8	28.5	3.41572403908
122.1	28.5	3.38053441048
122.4	28.5	3.37512040138
115.5	28.2	3.37800002098
115.8	28.2	3.37800002098
116.1	28.2	3.37799954414
116.4	28.2	3.37800049782
116.7	28.2	3.378002882
117	28.2	3.37802028656
117.3	28.2	3.37798142433
117.6	28.2	3.37748503685
117.9	28.2	3.37695884705
118.2	28.2	3.38076233864
118.5	28.2	3.39427304268
118.8	28.2	3.40651321411
119.1	28.2	3.40489840508
119.4	28.2	3.408005476
119.7	28.2	3.4122095108
120	28.2	3.40258479118
120.3	28.2	3.41558480263
120.6	28.2	3.46603727341
120.9	28.2	3.50776910782
121.2	28.2	3.51560258865
121.5	28.2	3.46810102463
121.8	28.2	3.40180826187
122.1	28.2	3.37637257576
122.4	28.2	3.37555742264
115.5	27.9	3.37800002098
115.8	27.9	3.37800002098
116.1	27.9	3.37799978256
116.4	27.9	3.37799978256
116.7	27.9	3.37800192833
117	27.9	3.37800884247
117.3	27.9	3.37801480293
117.6	27.9	3.37780213356
117.9	27.9	3.37725448608
118.2	27.9	3.37872624397
118.5	27.9	3.38637971878
118.8	27.9	3.39502644539
119.1	27.9	3.39426708221
119.4	27.9	3.39323282242
119.7	27.9	3.39479470253
120	27.9	3.39257121086
120.3	27.9	3.41004276276
120.6	27.9	3.45893526077
120.9	27.9	3.50554585457
121.2	27.9	3.50651907921
121.5	27.9	3.44926476479
121.8	27.9	3.39195418358
122.1	27.9	3.37522268295
122.4	27.9	3.37634849548
115.5	27.6	3.37800002098
115.8	27.6	3.37800002098
116.1	27.6	3.37800002098
116.4	27.6	3.37799954414
116.7	27.6	3.3780002594
117	27.6	3.37800598145
117.3	27.6	3.37801551819
117.6	27.6	3.37792873383
117.9	27.6	3.37756228447
118.2	27.6	3.37796020508
118.5	27.6	3.38190412521
118.8	27.6	3.38793039322
119.1	27.6	3.38929367065
119.4	27.6	3.38800573349
119.7	27.6	3.38674974442
120	27.6	3.38514304161
120.3	27.6	3.39603972435
120.6	27.6	3.4293782711
120.9	27.6	3.46853399277
121.2	27.6	3.46926569939
121.5	27.6	3.4231095314
121.8	27.6	3.38422417641
122.1	27.6	3.37545371056
122.4	27.6	3.37706780434
115.5	27.3	3.37800002098
115.8	27.3	3.37800002098
116.1	27.3	3.37800002098
116.4	27.3	3.37800002098
116.7	27.3	3.37799930573
117	27.3	3.37800264359
117.3	27.3	3.37801456451
117.6	27.3	3.37798881531
117.9	27.3	3.37775969505
118.2	27.3	3.37760543823
118.5	27.3	3.37910985947
118.8	27.3	3.38224601746
119.1	27.3	3.38384580612
119.4	27.3	3.3830165863
119.7	27.3	3.38116049767
120	27.3	3.37902927399
120.3	27.3	3.38275623322
120.6	27.3	3.39907574654
120.9	27.3	3.42210006714
121.2	27.3	3.42273855209
121.5	27.3	3.39723849297
121.8	27.3	3.37861537933
122.1	27.3	3.37603497505
122.4	27.3	3.37762212753
