114	34.8	3.66796755791
114.3	34.8	3.6679956913
114.6	34.8	3.66799283028
114.9	34.8	3.66796302795
115.2	34.8	3.66808629036
115.5	34.8	3.66862273216
115.8	34.8	3.6690030098
116.1	34.8	3.6656396389
116.4	34.8	3.65125513077
116.7	34.8	3.62602114677
117	34.8	3.61003851891
117.3	34.8	3.61245369911
117.6	34.8	3.61937022209
117.9	34.8	3.61705541611
118.2	34.8	3.61143422127
118.5	34.8	3.61946105957
118.8	34.8	3.64430379868
119.1	34.8	3.66947984695
119.4	34.8	3.67695832253
119.7	34.8	3.66948246956
120	34.8	3.66588783264
120.3	34.8	3.66738629341
120.6	34.8	3.66897749901
120.9	34.8	3.66894078255
121.2	34.8	3.66827225685
121.5	34.8	3.66791772842
121.8	34.8	3.66794013977
122.1	34.8	3.66799807549
122.4	34.8	3.66800618172
114	34.5	3.66797304153
114.3	34.5	3.66799402237
114.6	34.5	3.6679816246
114.9	34.5	3.6679725647
115.2	34.5	3.66820788383
115.5	34.5	3.66900610924
115.8	34.5	3.66905093193
116.1	34.5	3.66252422333
116.4	34.5	3.64017653465
116.7	34.5	3.60369467735
117	34.5	3.58147072792
117.3	34.5	3.58569407463
117.6	34.5	3.59752392769
117.9	34.5	3.59634613991
118.2	34.5	3.5836687088
118.5	34.5	3.58852362633
118.8	34.5	3.62252664566
119.1	34.5	3.65861225128
119.4	34.5	3.66723585129
119.7	34.5	3.65500354767
120	34.5	3.65080809593
120.3	34.5	3.65846776962
120.6	34.5	3.66656565666
120.9	34.5	3.66936850548
121.2	34.5	3.66888713837
121.5	34.5	3.66816878319
121.8	34.5	3.66790246964
122.1	34.5	3.6679353714
122.4	34.5	3.66799664497
114	34.2	3.66798782349
114.3	34.2	3.66799497604
114.6	34.2	3.66798019409
114.9	34.2	3.66801404953
115.2	34.2	3.66836810112
115.5	34.2	3.66917061806
115.8	34.2	3.66833209991
116.1	34.2	3.65889930725
116.4	34.2	3.63207149506
116.7	34.2	3.59345364571
117	34.2	3.57022356987
117.3	34.2	3.57595562935
117.6	34.2	3.59673690796
117.9	34.2	3.6074283123
118.2	34.2	3.59344553947
118.5	34.2	3.58476400375
118.8	34.2	3.60425376892
119.1	34.2	3.62879633904
119.4	34.2	3.62954950333
119.7	34.2	3.61505913734
120	34.2	3.61437797546
120.3	34.2	3.63506269455
120.6	34.2	3.65713071823
120.9	34.2	3.66790032387
121.2	34.2	3.66962957382
121.5	34.2	3.66875839233
121.8	34.2	3.6681189537
122.1	34.2	3.66791629791
122.4	34.2	3.66793322563
114	33.9	3.66799926758
114.3	33.9	3.66801333427
114.6	33.9	3.66801190376
114.9	33.9	3.66806459427
115.2	33.9	3.66847634315
115.5	33.9	3.66896438599
115.8	33.9	3.66686081886
116.1	33.9	3.65588593483
116.4	33.9	3.63043236732
116.7	33.9	3.60051965714
117	33.9	3.58073806763
117.3	33.9	3.58162260056
117.6	33.9	3.60240244865
117.9	33.9	3.62264704704
118.2	33.9	3.61635327339
118.5	33.9	3.60663628578
118.8	33.9	3.61051106453
119.1	33.9	3.6105363369
119.4	33.9	3.59314656258
119.7	33.9	3.57409238815
120	33.9	3.57654595375
120.3	33.9	3.60958862305
120.6	33.9	3.64544248581
120.9	33.9	3.66463446617
121.2	33.9	3.66961431503
121.5	33.9	3.66966533661
121.8	33.9	3.66881370544
122.1	33.9	3.66820669174
122.4	33.9	3.66795301437
114	33.6	3.66803693771
114.3	33.6	3.6680393219
114.6	33.6	3.66797661781
114.9	33.6	3.6679816246
115.2	33.6	3.66823959351
115.5	33.6	3.66826748848
115.8	33.6	3.66541457176
116.1	33.6	3.65558600426
116.4	33.6	3.63986849785
116.7	33.6	3.62799787521
117	33.6	3.61816263199
117.3	33.6	3.61167883873
117.6	33.6	3.61613345146
117.9	33.6	3.62326812744
118.2	33.6	3.6142206192
118.5	33.6	3.61896657944
118.8	33.6	3.63203859329
119.1	33.6	3.61894917488
119.4	33.6	3.58318543434
119.7	33.6	3.56404447556
120	33.6	3.57604169846
120.3	33.6	3.61305642128
120.6	33.6	3.64681720734
120.9	33.6	3.66224479675
121.2	33.6	3.66635417938
121.5	33.6	3.66873860359
121.8	33.6	3.66938352585
122.1	33.6	3.66890239716
122.4	33.6	3.66830968857
114	33.3	3.66805458069
114.3	33.3	3.66789913177
114.6	33.3	3.66754221916
114.9	33.3	3.66735720634
115.2	33.3	3.66736721992
115.5	33.3	3.66640305519
115.8	33.3	3.66267418861
116.1	33.3	3.65666604042
116.4	33.3	3.65438914299
116.7	33.3	3.66198992729
117	33.3	3.66558074951
117.3	33.3	3.6593940258
117.6	33.3	3.65244984627
117.9	33.3	3.64106988907
118.2	33.3	3.61546850204
118.5	33.3	3.6185529232
118.8	33.3	3.63477325439
119.1	33.3	3.61338233948
119.4	33.3	3.56932210922
119.7	33.3	3.56756591797
120	33.3	3.61181282997
120.3	33.3	3.65252399445
120.6	33.3	3.6642665863
120.9	33.3	3.65711069107
121.2	33.3	3.65304899216
121.5	33.3	3.65939259529
121.8	33.3	3.66649723053
122.1	33.3	3.66888999939
122.4	33.3	3.66877698898
114	33	3.66785001755
114.3	33	3.66728019714
114.6	33	3.6667406559
114.9	33	3.66725993156
115.2	33	3.6678249836
115.5	33	3.66491246223
115.8	33	3.6574447155
116.1	33	3.65245246887
116.4	33	3.66027593613
116.7	33	3.67741298676
117	33	3.68735456467
117.3	33	3.68272852898
117.6	33	3.67492032051
117.9	33	3.66972875595
118.2	33	3.65063095093
118.5	33	3.63738203049
118.8	33	3.62984585762
119.1	33	3.59108757973
119.4	33	3.54405474663
119.7	33	3.56343984604
120	33	3.64038228989
120.3	33	3.68595290184
120.6	33	3.66801953316
120.9	33	3.63111591339
121.2	33	3.62041401863
121.5	33	3.63661527634
121.8	33	3.65604686737
122.1	33	3.66582727432
122.4	33	3.66831612587
114	32.7	3.66733694077
114.3	32.7	3.66657710075
114.6	32.7	3.66796898842
114.9	32.7	3.67417550087
115.2	32.7	3.68018221855
115.5	32.7	3.67551136017
115.8	32.7	3.65888667107
116.1	32.7	3.64611148834
116.4	32.7	3.65112781525
116.7	32.7	3.66699504852
117	32.7	3.6784954071
117.3	32.7	3.67311644554
117.6	32.7	3.65865087509
117.9	32.7	3.65554285049
118.2	32.7	3.65668940544
118.5	32.7	3.64568328857
118.8	32.7	3.63167572021
119.1	32.7	3.59686374664
119.4	32.7	3.56012701988
119.7	32.7	3.58512926102
120	32.7	3.65923547745
120.3	32.7	3.67857813835
120.6	32.7	3.62225937843
120.9	32.7	3.57755827904
121.2	32.7	3.58601760864
121.5	32.7	3.61766195297
121.8	32.7	3.64730262756
122.1	32.7	3.66188359261
122.4	32.7	3.66661524773
114	32.4	3.66689372063
114.3	32.4	3.66765236855
114.6	32.4	3.67585015297
114.9	32.4	3.6977455616
115.2	32.4	3.72049260139
115.5	32.4	3.71791172028
115.8	32.4	3.68587136269
116.1	32.4	3.65592432022
116.4	32.4	3.64573264122
116.7	32.4	3.64742922783
117	32.4	3.65199685097
117.3	32.4	3.65036034584
117.6	32.4	3.64279460907
117.9	32.4	3.64346027374
118.2	32.4	3.65298938751
118.5	32.4	3.65097546577
118.8	32.4	3.64381313324
119.1	32.4	3.62475204468
119.4	32.4	3.60725450516
119.7	32.4	3.62927484512
120	32.4	3.67132592201
120.3	32.4	3.64809179306
120.6	32.4	3.5660841465
120.9	32.4	3.5567047596
121.2	32.4	3.61687898636
121.5	32.4	3.65392589569
121.8	32.4	3.66697096825
122.1	32.4	3.66854095459
122.4	32.4	3.66737747192
114	32.1	3.66706490517
114.3	32.1	3.67010998726
114.6	32.1	3.68699455261
114.9	32.1	3.72774529457
115.2	32.1	3.77232766151
115.5	32.1	3.77601027489
115.8	32.1	3.72717285156
116.1	32.1	3.67687892914
116.4	32.1	3.65562796593
116.7	32.1	3.64074468613
117	32.1	3.62184882164
117.3	32.1	3.61229014397
117.6	32.1	3.62234473228
117.9	32.1	3.64254188538
118.2	32.1	3.65364170074
118.5	32.1	3.64882993698
118.8	32.1	3.63347625732
119.1	32.1	3.61945343018
119.4	32.1	3.62098693848
119.7	32.1	3.64381480217
120	32.1	3.66472911835
120.3	32.1	3.63438105583
120.6	32.1	3.57352423668
120.9	32.1	3.60471224785
121.2	32.1	3.68927383423
121.5	32.1	3.71556067467
121.8	32.1	3.70521664619
122.1	32.1	3.68644499779
122.4	32.1	3.67303824425
114	31.8	3.66709589958
114.3	31.8	3.6698372364
114.6	31.8	3.68506026268
114.9	31.8	3.72306203842
115.2	31.8	3.76755166054
115.5	31.8	3.77240300179
115.8	31.8	3.71968173981
116.1	31.8	3.66620278358
116.4	31.8	3.65938687325
116.7	31.8	3.65197110176
117	31.8	3.61777997017
117.3	31.8	3.59156417847
117.6	31.8	3.60732769966
117.9	31.8	3.64497828484
118.2	31.8	3.66264510155
118.5	31.8	3.65474033356
118.8	31.8	3.62822508812
119.1	31.8	3.61451363564
119.4	31.8	3.62324571609
119.7	31.8	3.63375544548
120	31.8	3.63787412643
120.3	31.8	3.6192111969
120.6	31.8	3.58826375008
120.9	31.8	3.61470794678
121.2	31.8	3.67512989044
121.5	31.8	3.70731067657
121.8	31.8	3.71856093407
122.1	31.8	3.70083665848
122.4	31.8	3.6797003746
114	31.5	3.66712117195
114.3	31.5	3.66690135002
114.6	31.5	3.67073440552
114.9	31.5	3.68354725838
115.2	31.5	3.70145797729
115.5	31.5	3.70109128952
115.8	31.5	3.66496229172
116.1	31.5	3.62498927116
116.4	31.5	3.63394975662
116.7	31.5	3.65276837349
117	31.5	3.64560747147
117.3	31.5	3.63176941872
117.6	31.5	3.64109659195
117.9	31.5	3.66547369957
118.2	31.5	3.67659211159
118.5	31.5	3.65504312515
118.8	31.5	3.62583971024
119.1	31.5	3.63140177727
119.4	31.5	3.6503610611
119.7	31.5	3.63769173622
120	31.5	3.62216424942
120.3	31.5	3.61919569969
120.6	31.5	3.60755062103
120.9	31.5	3.60209393501
121.2	31.5	3.61892199516
121.5	31.5	3.66135334969
121.8	31.5	3.70893454552
122.1	31.5	3.70065975189
122.4	31.5	3.67683506012
114	31.2	3.66758346558
114.3	31.2	3.6655061245
114.6	31.2	3.66052079201
114.9	31.2	3.65118789673
115.2	31.2	3.64132666588
115.5	31.2	3.6347463131
115.8	31.2	3.62457275391
116.1	31.2	3.60685753822
116.4	31.2	3.61283922195
116.7	31.2	3.6401052475
117	31.2	3.66730880737
117.3	31.2	3.68201136589
117.6	31.2	3.6821398735
117.9	31.2	3.67415165901
118.2	31.2	3.66998624802
118.5	31.2	3.64154958725
118.8	31.2	3.62037158012
119.1	31.2	3.64751076698
119.4	31.2	3.67507386208
119.7	31.2	3.64671683311
120	31.2	3.62683820724
120.3	31.2	3.65351772308
120.6	31.2	3.66723775864
120.9	31.2	3.65051794052
121.2	31.2	3.64299964905
121.5	31.2	3.67603087425
121.8	31.2	3.71342682838
122.1	31.2	3.68469429016
122.4	31.2	3.65406656265
114	30.9	3.66815280914
114.3	30.9	3.66718459129
114.6	30.9	3.66290473938
114.9	30.9	3.65208864212
115.2	30.9	3.63501238823
115.5	30.9	3.62218880653
115.8	30.9	3.62044382095
116.1	30.9	3.6199555397
116.4	30.9	3.62540555
116.7	30.9	3.64584755898
117	30.9	3.67428421974
117.3	30.9	3.6907992363
117.6	30.9	3.67932081223
117.9	30.9	3.65164136887
118.2	30.9	3.6446852684
118.5	30.9	3.64442324638
118.8	30.9	3.65139555931
119.1	30.9	3.68182444572
119.4	30.9	3.6928627491
119.7	30.9	3.6454076767
120	30.9	3.61739420891
120.3	30.9	3.6563475132
120.6	30.9	3.68772029877
120.9	30.9	3.69111132622
121.2	30.9	3.69962716103
121.5	30.9	3.72290492058
121.8	30.9	3.72010850906
122.1	30.9	3.65797734261
122.4	30.9	3.62109327316
114	30.6	3.66826963425
114.3	30.6	3.66905331612
114.6	30.6	3.67052197456
114.9	30.6	3.67161774635
115.2	30.6	3.66661405563
115.5	30.6	3.65316081047
115.8	30.6	3.6377415657
116.1	30.6	3.63095808029
116.4	30.6	3.64283370972
116.7	30.6	3.66691923141
117	30.6	3.68579292297
117.3	30.6	3.68485689163
117.6	30.6	3.66403031349
117.9	30.6	3.64239454269
118.2	30.6	3.64541721344
118.5	30.6	3.6686000824
118.8	30.6	3.69336700439
119.1	30.6	3.71756362915
119.4	30.6	3.71281290054
119.7	30.6	3.65698838234
120	30.6	3.61375284195
120.3	30.6	3.63368558884
120.6	30.6	3.6595082283
120.9	30.6	3.68614816666
121.2	30.6	3.71601271629
121.5	30.6	3.72220563889
121.8	30.6	3.69002342224
122.1	30.6	3.63581347466
122.4	30.6	3.61239051819
114	30.3	3.66778421402
114.3	30.3	3.66865801811
114.6	30.3	3.67275595665
114.9	30.3	3.68248701096
115.2	30.3	3.69415163994
115.5	30.3	3.69380521774
115.8	30.3	3.67191123962
116.1	30.3	3.64590263367
116.4	30.3	3.64791822433
116.7	30.3	3.67213129997
117	30.3	3.69112014771
117.3	30.3	3.68497133255
117.6	30.3	3.66559004784
117.9	30.3	3.66442060471
118.2	30.3	3.67982721329
118.5	30.3	3.67443752289
118.8	30.3	3.66421413422
119.1	30.3	3.67954063416
119.4	30.3	3.69752025604
119.7	30.3	3.68005657196
120	30.3	3.65899348259
120.3	30.3	3.68087983131
120.6	30.3	3.69806599617
120.9	30.3	3.72093200684
121.2	30.3	3.73159766197
121.5	30.3	3.69454193115
121.8	30.3	3.64829015732
122.1	30.3	3.63965296745
122.4	30.3	3.6438267231
114	30	3.66740942001
114.3	30	3.66729903221
114.6	30	3.6702041626
114.9	30	3.68186664581
115.2	30	3.70462560654
115.5	30	3.72014403343
115.8	30	3.70371508598
116.1	30	3.66684269905
116.4	30	3.65263748169
116.7	30	3.66698098183
117	30	3.69283795357
117.3	30	3.70310282707
117.6	30	3.69366502762
117.9	30	3.69429683685
118.2	30	3.70437884331
118.5	30	3.66142249107
118.8	30	3.62636566162
119.1	30	3.64771413803
119.4	30	3.68538212776
119.7	30	3.68995475769
120	30	3.68584465981
120.3	30	3.7158472538
120.6	30	3.71073555946
120.9	30	3.70519280434
121.2	30	3.70190095901
121.5	30	3.66700220108
121.8	30	3.64507198334
122.1	30	3.66974043846
122.4	30	3.68033909798
114	29.7	3.66741490364
114.3	29.7	3.66643309593
114.6	29.7	3.66697382927
114.9	29.7	3.67631721497
115.2	29.7	3.70422816277
115.5	29.7	3.73379802704
115.8	29.7	3.72756433487
116.1	29.7	3.68464303017
116.4	29.7	3.65508627892
116.7	29.7	3.65107488632
117	29.7	3.67428922653
117.3	29.7	3.7039308548
117.6	29.7	3.71097183228
117.9	29.7	3.70336198807
118.2	29.7	3.70637726784
118.5	29.7	3.67701864243
118.8	29.7	3.66361737251
119.1	29.7	3.68422460556
119.4	29.7	3.70361304283
119.7	29.7	3.70958757401
120	29.7	3.7260992527
120.3	29.7	3.74611663818
120.6	29.7	3.70183205605
120.9	29.7	3.66683197021
121.2	29.7	3.66803073883
121.5	29.7	3.66332101822
121.8	29.7	3.66897749901
122.1	29.7	3.6936507225
122.4	29.7	3.6943116188
114	29.4	3.66774320602
114.3	29.4	3.66624760628
114.6	29.4	3.664270401
114.9	29.4	3.66830945015
115.2	29.4	3.69507813454
115.5	29.4	3.73531889915
115.8	29.4	3.7456805706
116.1	29.4	3.71127390862
116.4	29.4	3.6850836277
116.7	29.4	3.67111730576
117	29.4	3.67681217194
117.3	29.4	3.69774675369
117.6	29.4	3.70613431931
117.9	29.4	3.69684624672
118.2	29.4	3.70386815071
118.5	29.4	3.7079873085
118.8	29.4	3.71307420731
119.1	29.4	3.70128178596
119.4	29.4	3.68234324455
119.7	29.4	3.69872832298
120	29.4	3.73754167557
120.3	29.4	3.74780726433
120.6	29.4	3.69811606407
120.9	29.4	3.66292858124
121.2	29.4	3.66587781906
121.5	29.4	3.67081189156
121.8	29.4	3.67926073074
122.1	29.4	3.69132089615
122.4	29.4	3.68622612953
114	29.1	3.66808724403
114.3	29.1	3.66645741463
114.6	29.1	3.66147494316
114.9	29.1	3.65717244148
115.2	29.1	3.67297768593
115.5	29.1	3.70891880989
115.8	29.1	3.72801280022
116.1	29.1	3.71141815186
116.4	29.1	3.70797896385
116.7	29.1	3.70580458641
117	29.1	3.69787430763
117.3	29.1	3.69116711617
117.6	29.1	3.6867609024
117.9	29.1	3.68315267563
118.2	29.1	3.68613815308
118.5	29.1	3.70098876953
118.8	29.1	3.71128082275
119.1	29.1	3.6874101162
119.4	29.1	3.6672232151
119.7	29.1	3.6943063736
120	29.1	3.70911884308
120.3	29.1	3.69806861877
120.6	29.1	3.67467808723
120.9	29.1	3.6742401123
121.2	29.1	3.69499468803
121.5	29.1	3.70527768135
121.8	29.1	3.69746947289
122.1	29.1	3.6870238781
122.4	29.1	3.67622232437
114	28.8	3.66828656197
114.3	28.8	3.66647648811
114.6	28.8	3.65942311287
114.9	28.8	3.64702105522
115.2	28.8	3.64713335037
115.5	28.8	3.66932106018
115.8	28.8	3.69148564339
116.1	28.8	3.69417762756
116.4	28.8	3.70630860329
116.7	28.8	3.7168867588
117	28.8	3.71227359772
117.3	28.8	3.69861531258
117.6	28.8	3.6917014122
117.9	28.8	3.69207692146
118.2	28.8	3.6821372509
118.5	28.8	3.6844804287
118.8	28.8	3.68909192085
119.1	28.8	3.68267631531
119.4	28.8	3.69575881958
119.7	28.8	3.72330284119
120	28.8	3.68897509575
120.3	28.8	3.65220999718
120.6	28.8	3.65385150909
120.9	28.8	3.68337869644
121.2	28.8	3.72240495682
121.5	28.8	3.7414624691
121.8	28.8	3.71640634537
122.1	28.8	3.68724870682
122.4	28.8	3.67154455185
114	28.5	3.66833972931
114.3	28.5	3.66718387604
114.6	28.5	3.66178107262
114.9	28.5	3.65163731575
115.2	28.5	3.65052223206
115.5	28.5	3.66930222511
115.8	28.5	3.69295454025
116.1	28.5	3.69789099693
116.4	28.5	3.69802618027
116.7	28.5	3.70225906372
117	28.5	3.71229600906
117.3	28.5	3.72164797783
117.6	28.5	3.72252345085
117.9	28.5	3.71005773544
118.2	28.5	3.68235015869
118.5	28.5	3.66858839989
118.8	28.5	3.66875481606
119.1	28.5	3.68640494347
119.4	28.5	3.72492170334
119.7	28.5	3.74067759514
120	28.5	3.6880877018
120.3	28.5	3.65955328941
120.6	28.5	3.68646359444
120.9	28.5	3.72072696686
121.2	28.5	3.74623274803
121.5	28.5	3.75419712067
121.8	28.5	3.71774744987
122.1	28.5	3.68351125717
122.4	28.5	3.66873764992
114	28.2	3.66825318336
114.3	28.2	3.66805958748
114.6	28.2	3.66632819176
114.9	28.2	3.66445875168
115.2	28.2	3.67186403275
115.5	28.2	3.69329118729
115.8	28.2	3.71253633499
116.1	28.2	3.70638251305
116.4	28.2	3.68677473068
116.7	28.2	3.67765426636
117	28.2	3.69529914856
117.3	28.2	3.72457194328
117.6	28.2	3.73239636421
117.9	28.2	3.70676779747
118.2	28.2	3.66925120354
118.5	28.2	3.64693856239
118.8	28.2	3.65092611313
119.1	28.2	3.68385195732
119.4	28.2	3.72295069695
119.7	28.2	3.72663617134
120	28.2	3.69511437416
120.3	28.2	3.69901752472
120.6	28.2	3.74550366402
120.9	28.2	3.77082824707
121.2	28.2	3.76630353928
121.5	28.2	3.74876642227
121.8	28.2	3.70657801628
122.1	28.2	3.67655229568
122.4	28.2	3.66660261154
114	27.9	3.66807794571
114.3	27.9	3.66808247566
114.6	27.9	3.66806221008
114.9	27.9	3.66939234734
115.2	27.9	3.67751932144
115.5	27.9	3.69325757027
115.8	27.9	3.70361065865
116.1	27.9	3.69322943687
116.4	27.9	3.67212128639
116.7	27.9	3.66030454636
117	27.9	3.67250680923
117.3	27.9	3.6976878643
117.6	27.9	3.70720791817
117.9	27.9	3.68881177902
118.2	27.9	3.66143321991
118.5	27.9	3.64325237274
118.8	27.9	3.65233564377
119.1	27.9	3.68272829056
119.4	27.9	3.70556879044
119.7	27.9	3.70317959785
120	27.9	3.69509100914
120.3	27.9	3.71376752853
120.6	27.9	3.75530195236
120.9	27.9	3.7716782093
121.2	27.9	3.75699329376
121.5	27.9	3.73015260696
121.8	27.9	3.69264125824
122.1	27.9	3.6712667942
122.4	27.9	3.66598582268
114	27.6	3.66797089577
114.3	27.6	3.66793632507
114.6	27.6	3.66776800156
114.9	27.6	3.66842198372
115.2	27.6	3.6720020771
115.5	27.6	3.67866849899
115.8	27.6	3.68253898621
116.1	27.6	3.6762213707
116.4	27.6	3.66555976868
116.7	27.6	3.65895819664
117	27.6	3.66377210617
117.3	27.6	3.67534136772
117.6	27.6	3.680945158
117.9	27.6	3.67555785179
118.2	27.6	3.66570925713
118.5	27.6	3.65995287895
118.8	27.6	3.6691365242
119.1	27.6	3.68431735039
119.4	27.6	3.68869113922
119.7	27.6	3.68170404434
120	27.6	3.67875766754
120.3	27.6	3.69140386581
120.6	27.6	3.71375775337
120.9	27.6	3.72481417656
121.2	27.6	3.71883511543
121.5	27.6	3.70171022415
121.8	27.6	3.67931389809
122.1	27.6	3.66815280914
122.4	27.6	3.66633987427
114	27.3	3.66799998283
114.3	27.3	3.66792440414
114.6	27.3	3.66776204109
114.9	27.3	3.66754031181
115.2	27.3	3.66816973686
115.5	27.3	3.66986989975
115.8	27.3	3.67080140114
116.1	27.3	3.6690351963
116.4	27.3	3.66580462456
116.7	27.3	3.66377353668
117	27.3	3.66475534439
117.3	27.3	3.66784358025
117.6	27.3	3.6699590683
117.9	27.3	3.66927480698
118.2	27.3	3.66774058342
118.5	27.3	3.66763567924
118.8	27.3	3.67239665985
119.1	27.3	3.67712235451
119.4	27.3	3.67548322678
119.7	27.3	3.66979312897
120	27.3	3.66759729385
120.3	27.3	3.67228484154
120.6	27.3	3.68105483055
120.9	27.3	3.68756937981
121.2	27.3	3.68721914291
121.5	27.3	3.67999720573
121.8	27.3	3.67090606689
122.1	27.3	3.66690301895
122.4	27.3	3.66698431969
