115.5	34.8	3.83603739738
115.8	34.8	3.83629822731
116.1	34.8	3.83609437943
116.4	34.8	3.83118462563
116.7	34.8	3.81812286377
117	34.8	3.80925512314
117.3	34.8	3.81474590302
117.6	34.8	3.82039785385
117.9	34.8	3.81644630432
118.2	34.8	3.80327343941
118.5	34.8	3.80219745636
118.8	34.8	3.81992650032
119.1	34.8	3.83508753777
119.4	34.8	3.83175849915
119.7	34.8	3.83044791222
120	34.8	3.83471369743
120.3	34.8	3.83636498451
120.6	34.8	3.8361313343
120.9	34.8	3.83592557907
121.2	34.8	3.83600378036
121.5	34.8	3.83602070808
121.8	34.8	3.83599972725
122.1	34.8	3.83599805832
122.4	34.8	3.83599996567
115.5	34.5	3.83607316017
115.8	34.5	3.83640861511
116.1	34.5	3.83577680588
116.4	34.5	3.82806634903
116.7	34.5	3.81036376953
117	34.5	3.80299735069
117.3	34.5	3.81667351723
117.6	34.5	3.8277618885
117.9	34.5	3.81872797012
118.2	34.5	3.78507637978
118.5	34.5	3.77114033699
118.8	34.5	3.80089068413
119.1	34.5	3.82844400406
119.4	34.5	3.81828737259
119.7	34.5	3.8167822361
120	34.5	3.82825660706
120.3	34.5	3.8351726532
120.6	34.5	3.83627510071
120.9	34.5	3.83575439453
121.2	34.5	3.83585357666
121.5	34.5	3.83604812622
121.8	34.5	3.83602523804
122.1	34.5	3.83599638939
122.4	34.5	3.83599853516
115.5	34.2	3.83608412743
115.8	34.2	3.83638381958
116.1	34.2	3.83533740044
116.4	34.2	3.82585573196
116.7	34.2	3.80587530136
117	34.2	3.80101060867
117.3	34.2	3.82113313675
117.6	34.2	3.83872532845
117.9	34.2	3.83213758469
118.2	34.2	3.78944611549
118.5	34.2	3.76189947128
118.8	34.2	3.78945612907
119.1	34.2	3.8167412281
119.4	34.2	3.79855632782
119.7	34.2	3.79836249352
120	34.2	3.81748127937
120.3	34.2	3.83248639107
120.6	34.2	3.83717489243
120.9	34.2	3.83581161499
121.2	34.2	3.83536744118
121.5	34.2	3.83590865135
121.8	34.2	3.83608841896
122.1	34.2	3.83602237701
122.4	34.2	3.83599567413
115.5	33.9	3.83602523804
115.8	33.9	3.83624863625
116.1	33.9	3.83545660973
116.4	33.9	3.8268699646
116.7	33.9	3.80730271339
117	33.9	3.80032157898
117.3	33.9	3.81527209282
117.6	33.9	3.82728409767
117.9	33.9	3.81894731522
118.2	33.9	3.78725481033
118.5	33.9	3.77237844467
118.8	33.9	3.79485106468
119.1	33.9	3.80859971046
119.4	33.9	3.78952908516
119.7	33.9	3.79111433029
120	33.9	3.81076264381
120.3	33.9	3.83309340477
120.6	33.9	3.84266877174
120.9	33.9	3.83821392059
121.2	33.9	3.8347287178
121.5	33.9	3.83521008492
121.8	33.9	3.83598613739
122.1	33.9	3.83608746529
122.4	33.9	3.83601808548
115.5	33.6	3.83589601517
115.8	33.6	3.8362493515
116.1	33.6	3.83730459213
116.4	33.6	3.83443784714
116.7	33.6	3.82233858109
117	33.6	3.81531453133
117.3	33.6	3.81876850128
117.6	33.6	3.80989837646
117.9	33.6	3.77713084221
118.2	33.6	3.74550580978
118.5	33.6	3.75899600983
118.8	33.6	3.79141116142
119.1	33.6	3.79601860046
119.4	33.6	3.78552699089
119.7	33.6	3.79677033424
120	33.6	3.81788039207
120.3	33.6	3.84653782845
120.6	33.6	3.86055731773
120.9	33.6	3.84796595573
121.2	33.6	3.83556222916
121.5	33.6	3.83384943008
121.8	33.6	3.83523893356
122.1	33.6	3.83597302437
122.4	33.6	3.83606886864
115.5	33.3	3.83579683304
115.8	33.3	3.83659291267
116.1	33.3	3.84050250053
116.4	33.3	3.84555196762
116.7	33.3	3.84461784363
117	33.3	3.843780756
117.3	33.3	3.84385633469
117.6	33.3	3.82247614861
117.9	33.3	3.76969861984
118.2	33.3	3.72417926788
118.5	33.3	3.7350358963
118.8	33.3	3.75474262238
119.1	33.3	3.74496221542
119.4	33.3	3.74595499039
119.7	33.3	3.79034090042
120	33.3	3.83678364754
120.3	33.3	3.87653779984
120.6	33.3	3.89400982857
120.9	33.3	3.86846017838
121.2	33.3	3.84130620956
121.5	33.3	3.83415150642
121.8	33.3	3.8342487812
122.1	33.3	3.83528089523
122.4	33.3	3.83596897125
115.5	33	3.83592128754
115.8	33	3.83739638329
116.1	33	3.84343528748
116.4	33	3.8528752327
116.7	33	3.85676574707
117	33	3.85691785812
117.3	33	3.85671496391
117.6	33	3.83712530136
117.9	33	3.79877853394
118.2	33	3.77567386627
118.5	33	3.7707285881
118.8	33	3.73363208771
119.1	33	3.6790356636
119.4	33	3.6825761795
119.7	33	3.77427768707
120	33	3.86103248596
120.3	33	3.90950584412
120.6	33	3.92183589935
120.9	33	3.88804960251
121.2	33	3.85538673401
121.5	33	3.84457850456
121.8	33	3.83731818199
122.1	33	3.83456254005
122.4	33	3.83541417122
115.5	32.7	3.83634853363
115.8	32.7	3.83825945854
116.1	32.7	3.84461688995
116.4	32.7	3.85357928276
116.7	32.7	3.85485863686
117	32.7	3.85223817825
117.3	32.7	3.85431456566
117.6	32.7	3.82930827141
117.9	32.7	3.78932785988
118.2	32.7	3.78680586815
118.5	32.7	3.79300880432
118.8	32.7	3.75245523453
119.1	32.7	3.68537807465
119.4	32.7	3.68253874779
119.7	32.7	3.79847788811
120	32.7	3.90586471558
120.3	32.7	3.92646551132
120.6	32.7	3.90465641022
120.9	32.7	3.8808298111
121.2	32.7	3.88006424904
121.5	32.7	3.87746047974
121.8	32.7	3.85258030891
122.1	32.7	3.83641529083
122.4	32.7	3.83457422256
115.5	32.4	3.83629631996
115.8	32.4	3.83676171303
116.1	32.4	3.84077620506
116.4	32.4	3.84753346443
116.7	32.4	3.84249567986
117	32.4	3.82717370987
117.3	32.4	3.82626867294
117.6	32.4	3.8066470623
117.9	32.4	3.76183581352
118.2	32.4	3.74064254761
118.5	32.4	3.74416732788
118.8	32.4	3.75241613388
119.1	32.4	3.73712515831
119.4	32.4	3.74545383453
119.7	32.4	3.85484838486
120	32.4	3.95564126968
120.3	32.4	3.93116760254
120.6	32.4	3.8589618206
120.9	32.4	3.85559129715
121.2	32.4	3.91167783737
121.5	32.4	3.92405772209
121.8	32.4	3.87713265419
122.1	32.4	3.84257078171
122.4	32.4	3.83453249931
115.5	32.1	3.83438229561
115.8	32.1	3.82963633537
116.1	32.1	3.82851576805
116.4	32.1	3.83804702759
116.7	32.1	3.83724355698
117	32.1	3.81330657005
117.3	32.1	3.79509234428
117.6	32.1	3.77874612808
117.9	32.1	3.75055599213
118.2	32.1	3.7292778492
118.5	32.1	3.72489118576
118.8	32.1	3.74483060837
119.1	32.1	3.76026511192
119.4	32.1	3.78351807594
119.7	32.1	3.85758042336
120	32.1	3.92005944252
120.3	32.1	3.88477039337
120.6	32.1	3.82263112068
120.9	32.1	3.8406162262
121.2	32.1	3.90747308731
121.5	32.1	3.92425727844
121.8	32.1	3.88511800766
122.1	32.1	3.85002756119
122.4	32.1	3.83675694466
115.5	31.8	3.83168745041
115.8	31.8	3.82044959068
116.1	31.8	3.81310606003
116.4	31.8	3.82733368874
116.7	31.8	3.84530711174
117	31.8	3.83569669724
117.3	31.8	3.80375289917
117.6	31.8	3.78025174141
117.9	31.8	3.77388954163
118.2	31.8	3.78177475929
118.5	31.8	3.7949411869
118.8	31.8	3.80559682846
119.1	31.8	3.81310892105
119.4	31.8	3.82910680771
119.7	31.8	3.84629225731
120	31.8	3.84191584587
120.3	31.8	3.80705356598
120.6	31.8	3.79509758949
120.9	31.8	3.81934785843
121.2	31.8	3.84093022346
121.5	31.8	3.86413550377
121.8	31.8	3.87543487549
122.1	31.8	3.85937213898
122.4	31.8	3.84196567535
115.5	31.5	3.83171677589
115.8	31.5	3.81847572327
116.1	31.5	3.80345439911
116.4	31.5	3.80863189697
116.7	31.5	3.83936071396
117	31.5	3.86531305313
117.3	31.5	3.85205721855
117.6	31.5	3.82631468773
117.9	31.5	3.81981539726
118.2	31.5	3.83108139038
118.5	31.5	3.84686589241
118.8	31.5	3.84308505058
119.1	31.5	3.84628605843
119.4	31.5	3.86212515831
119.7	31.5	3.84318614006
120	31.5	3.79571580887
120.3	31.5	3.76951432228
120.6	31.5	3.79353022575
120.9	31.5	3.80343031883
121.2	31.5	3.77527999878
121.5	31.5	3.80555295944
121.8	31.5	3.85903120041
122.1	31.5	3.85982847214
122.4	31.5	3.84312009811
115.5	31.2	3.83440303802
115.8	31.2	3.82519721985
116.1	31.2	3.80778455734
116.4	31.2	3.79795908928
116.7	31.2	3.82073974609
117	31.2	3.86127543449
117.3	31.2	3.86290216446
117.6	31.2	3.8379805088
117.9	31.2	3.83225893974
118.2	31.2	3.84603023529
118.5	31.2	3.85738968849
118.8	31.2	3.8379971981
119.1	31.2	3.84702086449
119.4	31.2	3.87954497337
119.7	31.2	3.85430502892
120	31.2	3.79918146133
120.3	31.2	3.79535031319
120.6	31.2	3.83385920525
120.9	31.2	3.8245985508
121.2	31.2	3.77950501442
121.5	31.2	3.80769515038
121.8	31.2	3.85189723969
122.1	31.2	3.8454811573
122.4	31.2	3.83365178108
115.5	30.9	3.83642840385
115.8	30.9	3.83300161362
116.1	30.9	3.82228779793
116.4	30.9	3.81065177917
116.7	30.9	3.81982040405
117	30.9	3.84403586388
117.3	30.9	3.83634161949
117.6	30.9	3.8179769516
117.9	30.9	3.83743190765
118.2	30.9	3.88238811493
118.5	30.9	3.90246653557
118.8	30.9	3.86441254616
119.1	30.9	3.85867619514
119.4	30.9	3.8921084404
119.7	30.9	3.86535167694
120	30.9	3.80664277077
120.3	30.9	3.81556940079
120.6	30.9	3.85559058189
120.9	30.9	3.84235906601
121.2	30.9	3.82253885269
121.5	30.9	3.8540790081
121.8	30.9	3.86359882355
122.1	30.9	3.83545041084
122.4	30.9	3.8250477314
115.5	30.6	3.83663463593
115.8	30.6	3.8364982605
116.1	30.6	3.83320307732
116.4	30.6	3.82851004601
116.7	30.6	3.83335328102
117	30.6	3.84448814392
117.3	30.6	3.83668422699
117.6	30.6	3.8354370594
117.9	30.6	3.87279438972
118.2	30.6	3.92506766319
118.5	30.6	3.92437243462
118.8	30.6	3.84937882423
119.1	30.6	3.81796741486
119.4	30.6	3.848487854
119.7	30.6	3.83630394936
120	30.6	3.7928955555
120.3	30.6	3.80381584167
120.6	30.6	3.8257021904
120.9	30.6	3.82555866241
121.2	30.6	3.85911917686
121.5	30.6	3.88752746582
121.8	30.6	3.86318778992
122.1	30.6	3.83424496651
122.4	30.6	3.83025288582
115.5	30.3	3.83620619774
115.8	30.3	3.83661103249
116.1	30.3	3.83643007278
116.4	30.3	3.83569264412
116.7	30.3	3.83804798126
117	30.3	3.84065675735
117.3	30.3	3.83335876465
117.6	30.3	3.83266448975
117.9	30.3	3.85453915596
118.2	30.3	3.8754119873
118.5	30.3	3.83039426804
118.8	30.3	3.73620843887
119.1	30.3	3.72953629494
119.4	30.3	3.78985142708
119.7	30.3	3.80545568466
120	30.3	3.80409145355
120.3	30.3	3.82859921455
120.6	30.3	3.81795310974
120.9	30.3	3.82832145691
121.2	30.3	3.89731192589
121.5	30.3	3.88563704491
121.8	30.3	3.82709574699
122.1	30.3	3.82663583755
122.4	30.3	3.84188508987
115.5	30	3.83598804474
115.8	30	3.83614516258
116.1	30	3.83633589745
116.4	30	3.83643603325
116.7	30	3.83696937561
117	30	3.83542704582
117.3	30	3.82621121407
117.6	30	3.81518054008
117.9	30	3.81075239182
118.2	30	3.79652166367
118.5	30	3.73428487778
118.8	30	3.68334245682
119.1	30	3.74719429016
119.4	30	3.82176351547
119.7	30	3.81541228294
120	30	3.83101081848
120.3	30	3.87205147743
120.6	30	3.83408856392
120.9	30	3.8289680481
121.2	30	3.8881623745
121.5	30	3.85625076294
121.8	30	3.81157755852
122.1	30	3.83745765686
122.4	30	3.85362124443
115.5	29.7	3.83597803116
115.8	29.7	3.83598613739
116.1	29.7	3.83603739738
116.4	29.7	3.83611011505
116.7	29.7	3.83623790741
117	29.7	3.83515381813
117.3	29.7	3.829382658
117.6	29.7	3.81814289093
117.9	29.7	3.80436563492
118.2	29.7	3.78629207611
118.5	29.7	3.76171565056
118.8	29.7	3.78110647202
119.1	29.7	3.86205863953
119.4	29.7	3.87924408913
119.7	29.7	3.84204983711
120	29.7	3.87948489189
120.3	29.7	3.91598749161
120.6	29.7	3.84142374992
120.9	29.7	3.80089402199
121.2	29.7	3.83208584785
121.5	29.7	3.82219314575
121.8	29.7	3.82764434814
122.1	29.7	3.85930156708
122.4	29.7	3.85826468468
115.5	29.4	3.83599758148
115.8	29.4	3.8359875679
116.1	29.4	3.83598399162
116.4	29.4	3.8359940052
116.7	29.4	3.83612442017
117	29.4	3.83616232872
117.3	29.4	3.83468461037
117.6	29.4	3.83008742332
117.9	29.4	3.82439470291
118.2	29.4	3.82679247856
118.5	29.4	3.84702348709
118.8	29.4	3.89286875725
119.1	29.4	3.92270541191
119.4	29.4	3.89493536949
119.7	29.4	3.89773702621
120	29.4	3.95010924339
120.3	29.4	3.93805027008
120.6	29.4	3.8428440094
120.9	29.4	3.79765343666
121.2	29.4	3.81231784821
121.5	29.4	3.82906603813
121.8	29.4	3.85511732101
122.1	29.4	3.86640071869
122.4	29.4	3.85182499886
115.5	29.1	3.83600091934
115.8	29.1	3.83599948883
116.1	29.1	3.83599448204
116.4	29.1	3.83598685265
116.7	29.1	3.83604097366
117	29.1	3.83628416061
117.3	29.1	3.83645820618
117.6	29.1	3.8359234333
117.9	29.1	3.83672142029
118.2	29.1	3.84813928604
118.5	29.1	3.87876367569
118.8	29.1	3.9091398716
119.1	29.1	3.90316581726
119.4	29.1	3.91629815102
119.7	29.1	3.97440028191
120	29.1	3.96665024757
120.3	29.1	3.88816571236
120.6	29.1	3.82741880417
120.9	29.1	3.81523609161
121.2	29.1	3.82507824898
121.5	29.1	3.86476492882
121.8	29.1	3.88280105591
122.1	29.1	3.86428260803
122.4	29.1	3.84337091446
115.5	28.8	3.83599996567
115.8	28.8	3.83600068092
116.1	28.8	3.83600020409
116.4	28.8	3.83599352837
116.7	28.8	3.83598804474
117	28.8	3.83606028557
117.3	28.8	3.83624982834
117.6	28.8	3.83640646935
117.9	28.8	3.83741593361
118.2	28.8	3.84423780441
118.5	28.8	3.86211109161
118.8	28.8	3.87756824493
119.1	28.8	3.897336483
119.4	28.8	3.97698163986
119.7	28.8	4.01147985458
120	28.8	3.90674185753
120.3	28.8	3.80983304977
120.6	28.8	3.81919074059
120.9	28.8	3.8302590847
121.2	28.8	3.82598471642
121.5	28.8	3.87982368469
121.8	28.8	3.88951444626
122.1	28.8	3.85723781586
122.4	28.8	3.83803343773
115.5	28.5	3.83599996567
115.8	28.5	3.83599996567
116.1	28.5	3.83600068092
116.4	28.5	3.83599948883
116.7	28.5	3.83598995209
117	28.5	3.83598327637
117.3	28.5	3.83601474762
117.6	28.5	3.83596324921
117.9	28.5	3.83567142487
118.2	28.5	3.83736610413
118.5	28.5	3.84748029709
118.8	28.5	3.87234973907
119.1	28.5	3.93155694008
119.4	28.5	4.00690984726
119.7	28.5	3.96761584282
120	28.5	3.83369421959
120.3	28.5	3.78353643417
120.6	28.5	3.85335874557
120.9	28.5	3.85678720474
121.2	28.5	3.82361388206
121.5	28.5	3.87109351158
121.8	28.5	3.87605404854
122.1	28.5	3.84793806076
122.4	28.5	3.83557724953
115.5	28.2	3.83599996567
115.8	28.2	3.83599996567
116.1	28.2	3.83599996567
116.4	28.2	3.83600091934
116.7	28.2	3.83599901199
117	28.2	3.83599567413
117.3	28.2	3.83600330353
117.6	28.2	3.83584523201
117.9	28.2	3.83501386642
118.2	28.2	3.83527827263
118.5	28.2	3.84747505188
118.8	28.2	3.88877296448
119.1	28.2	3.9519906044
119.4	28.2	3.96834349632
119.7	28.2	3.88954424858
120	28.2	3.80163908005
120.3	28.2	3.80774879456
120.6	28.2	3.89178752899
120.9	28.2	3.87357068062
121.2	28.2	3.82419919968
121.5	28.2	3.85744071007
121.8	28.2	3.85900998116
122.1	28.2	3.8409845829
122.4	28.2	3.83499145508
115.5	27.9	3.83599996567
115.8	27.9	3.83599996567
116.1	27.9	3.83599996567
116.4	27.9	3.83599996567
116.7	27.9	3.83600091934
117	27.9	3.83600401878
117.3	27.9	3.83601593971
117.6	27.9	3.83588314056
117.9	27.9	3.8350789547
118.2	27.9	3.8355140686
118.5	27.9	3.84879827499
118.8	27.9	3.89038252831
119.1	27.9	3.93141484261
119.4	27.9	3.90896391869
119.7	27.9	3.84301900864
120	27.9	3.80662798882
120.3	27.9	3.82972764969
120.6	27.9	3.88074445724
120.9	27.9	3.84778571129
121.2	27.9	3.81306052208
121.5	27.9	3.84262084961
121.8	27.9	3.84612870216
122.1	27.9	3.83750534058
122.4	27.9	3.83527827263
115.5	27.6	3.83599996567
115.8	27.6	3.83599996567
116.1	27.6	3.83599996567
116.4	27.6	3.83599972725
116.7	27.6	3.83599972725
117	27.6	3.83600401878
117.3	27.6	3.83602166176
117.6	27.6	3.83593940735
117.9	27.6	3.83533215523
118.2	27.6	3.83534002304
118.5	27.6	3.84441757202
118.8	27.6	3.87207460403
119.1	27.6	3.89176297188
119.4	27.6	3.86768722534
119.7	27.6	3.83192801476
120	27.6	3.82146263123
120.3	27.6	3.83396410942
120.6	27.6	3.84563779831
120.9	27.6	3.81470131874
121.2	27.6	3.80386662483
121.5	27.6	3.83178448677
121.8	27.6	3.83873796463
122.1	27.6	3.83622431755
122.4	27.6	3.83567762375
115.5	27.3	3.83599996567
115.8	27.3	3.83599996567
116.1	27.3	3.83599996567
116.4	27.3	3.83599996567
116.7	27.3	3.83599948883
117	27.3	3.83600139618
117.3	27.3	3.83601760864
117.6	27.3	3.83600831032
117.9	27.3	3.83560228348
118.2	27.3	3.8349378109
118.5	27.3	3.83812069893
118.8	27.3	3.85001897812
119.1	27.3	3.85752534866
119.4	27.3	3.84553313255
119.7	27.3	3.83253574371
120	27.3	3.83128619194
120.3	27.3	3.83508324623
120.6	27.3	3.83275842667
120.9	27.3	3.81533694267
121.2	27.3	3.81458425522
121.5	27.3	3.83155798912
121.8	27.3	3.83657622337
122.1	27.3	3.83603358269
122.4	27.3	3.83591985703
