115.5	34.8	3.13920617104
115.8	34.8	3.14047265053
116.1	34.8	3.13991761208
116.4	34.8	3.12853360176
116.7	34.8	3.09623575211
117	34.8	3.07466053963
117.3	34.8	3.10349297523
117.6	34.8	3.13500857353
117.9	34.8	3.14258646965
118.2	34.8	3.14465284348
118.5	34.8	3.16659545898
118.8	34.8	3.20271325111
119.1	34.8	3.2038257122
119.4	34.8	3.15819144249
119.7	34.8	3.13425135612
120	34.8	3.13680529594
120.3	34.8	3.14071941376
120.6	34.8	3.14099979401
120.9	34.8	3.14030599594
121.2	34.8	3.13996911049
121.5	34.8	3.13996338844
121.8	34.8	3.13999676704
122.1	34.8	3.14000225067
122.4	34.8	3.14000034332
115.5	34.5	3.13996458054
115.8	34.5	3.14053463936
116.1	34.5	3.13924694061
116.4	34.5	3.12476730347
116.7	34.5	3.08517241478
117	34.5	3.06028604507
117.3	34.5	3.10061216354
117.6	34.5	3.14565730095
117.9	34.5	3.15202021599
118.2	34.5	3.14360117912
118.5	34.5	3.1684088707
118.8	34.5	3.22446584702
119.1	34.5	3.22960948944
119.4	34.5	3.15726900101
119.7	34.5	3.11786103249
120	34.5	3.12475037575
120.3	34.5	3.13620305061
120.6	34.5	3.14081788063
120.9	34.5	3.14110064507
121.2	34.5	3.14027190208
121.5	34.5	3.13995623589
121.8	34.5	3.13996696472
122.1	34.5	3.1399948597
122.4	34.5	3.14000248909
115.5	34.2	3.14010739326
115.8	34.2	3.14029097557
116.1	34.2	3.13981246948
116.4	34.2	3.13058996201
116.7	34.2	3.10199713707
117	34.2	3.08387374878
117.3	34.2	3.11991977692
117.6	34.2	3.16439580917
117.9	34.2	3.16796827316
118.2	34.2	3.14266943932
118.5	34.2	3.15097880363
118.8	34.2	3.21095991135
119.1	34.2	3.21903324127
119.4	34.2	3.13231563568
119.7	34.2	3.08461856842
120	34.2	3.09659123421
120.3	34.2	3.11881923676
120.6	34.2	3.13458800316
120.9	34.2	3.14095544815
121.2	34.2	3.14103293419
121.5	34.2	3.14018630981
121.8	34.2	3.13997626305
122.1	34.2	3.13996767998
122.4	34.2	3.13999176025
115.5	33.9	3.13994598389
115.8	33.9	3.14008235931
116.1	33.9	3.14186382294
116.4	33.9	3.14281272888
116.7	33.9	3.13130116463
117	33.9	3.11635231972
117.3	33.9	3.13466525078
117.6	33.9	3.1694586277
117.9	33.9	3.17203640938
118.2	33.9	3.13819265366
118.5	33.9	3.12688803673
118.8	33.9	3.17129588127
119.1	33.9	3.17078518867
119.4	33.9	3.08519101143
119.7	33.9	3.04283809662
120	33.9	3.05976080894
120.3	33.9	3.08803772926
120.6	33.9	3.11688733101
120.9	33.9	3.13614034653
121.2	33.9	3.14137125015
121.5	33.9	3.14075779915
121.8	33.9	3.14021158218
122.1	33.9	3.14002656937
122.4	33.9	3.13996315002
115.5	33.6	3.13983821869
115.8	33.6	3.14001345634
116.1	33.6	3.14391684532
116.4	33.6	3.15398478508
116.7	33.6	3.15599918365
117	33.6	3.1407418251
117.3	33.6	3.14270925522
117.6	33.6	3.16173458099
117.9	33.6	3.1514980793
118.2	33.6	3.11977267265
118.5	33.6	3.11346554756
118.8	33.6	3.13042449951
119.1	33.6	3.09795570374
119.4	33.6	3.02443218231
119.7	33.6	3.00700807571
120	33.6	3.03606510162
120.3	33.6	3.06145739555
120.6	33.6	3.09049892426
120.9	33.6	3.12280607224
121.2	33.6	3.13898491859
121.5	33.6	3.14079880714
121.8	33.6	3.14047670364
122.1	33.6	3.14034414291
122.4	33.6	3.14003825188
115.5	33.3	3.13975167274
115.8	33.3	3.13939428329
116.1	33.3	3.14300537109
116.4	33.3	3.15702342987
116.7	33.3	3.17021918297
117	33.3	3.1672604084
117.3	33.3	3.17019701004
117.6	33.3	3.17090201378
117.9	33.3	3.13772892952
118.2	33.3	3.11343598366
118.5	33.3	3.12902212143
118.8	33.3	3.10300064087
119.1	33.3	3.00933337212
119.4	33.3	2.94645667076
119.7	33.3	2.96661734581
120	33.3	3.02270317078
120.3	33.3	3.05123758316
120.6	33.3	3.06269788742
120.9	33.3	3.09966516495
121.2	33.3	3.13274765015
121.5	33.3	3.1383562088
121.8	33.3	3.13901209831
122.1	33.3	3.14050316811
122.4	33.3	3.1403503418
115.5	33	3.13953638077
115.8	33	3.13810658455
116.1	33	3.13966464996
116.4	33	3.15270423889
116.7	33	3.1709728241
117	33	3.18398189545
117.3	33	3.20165324211
117.6	33	3.20021271706
117.9	33	3.16732192039
118.2	33	3.15749192238
118.5	33	3.17531371117
118.8	33	3.1006925106
119.1	33	2.94809985161
119.4	33	2.87806534767
119.7	33	2.9080915451
120	33	2.9847548008
120.3	33	3.03390216827
120.6	33	3.02484917641
120.9	33	3.06821990013
121.2	33	3.13025307655
121.5	33	3.13402795792
121.8	33	3.13269662857
122.1	33	3.13883256912
122.4	33	3.14053606987
115.5	32.7	3.13924503326
115.8	32.7	3.13744711876
116.1	32.7	3.13956570625
116.4	32.7	3.15234732628
116.7	32.7	3.16221213341
117	32.7	3.16343021393
117.3	32.7	3.18063235283
117.6	32.7	3.19835853577
117.9	32.7	3.19946098328
118.2	32.7	3.19935894012
118.5	32.7	3.18452739716
118.8	32.7	3.10190081596
119.1	32.7	2.97645807266
119.4	32.7	2.91504502296
119.7	32.7	2.90425419807
120	32.7	2.94009399414
120.3	32.7	2.98815131187
120.6	32.7	2.95904803276
120.9	32.7	3.04084205627
121.2	32.7	3.15627622604
121.5	32.7	3.13828468323
121.8	32.7	3.12256765366
122.1	32.7	3.13440656662
122.4	32.7	3.13984966278
115.5	32.4	3.13894844055
115.8	32.4	3.13813257217
116.1	32.4	3.14572691917
116.4	32.4	3.16525912285
116.7	32.4	3.1636865139
117	32.4	3.12890124321
117.3	32.4	3.11912560463
117.6	32.4	3.15783619881
117.9	32.4	3.2030134201
118.2	32.4	3.20614504814
118.5	32.4	3.1519947052
118.8	32.4	3.08975720406
119.1	32.4	3.04749250412
119.4	32.4	3.03028321266
119.7	32.4	2.98291325569
120	32.4	2.94428467751
120.3	32.4	2.9511487484
120.6	32.4	2.91037797928
120.9	32.4	3.05701756477
121.2	32.4	3.22574782372
121.5	32.4	3.1636505127
121.8	32.4	3.12078046799
122.1	32.4	3.13235855103
122.4	32.4	3.13882803917
115.5	32.1	3.13886332512
115.8	32.1	3.13986968994
116.1	32.1	3.15554428101
116.4	32.1	3.1876809597
116.7	32.1	3.18359971046
117	32.1	3.11418509483
117.3	32.1	3.0685198307
117.6	32.1	3.1157848835
117.9	32.1	3.18354344368
118.2	32.1	3.18717765808
118.5	32.1	3.12883210182
118.8	32.1	3.09365415573
119.1	32.1	3.09218978882
119.4	32.1	3.08392262459
119.7	32.1	3.04766559601
120	32.1	3.0254611969
120.3	32.1	3.03360390663
120.6	32.1	3.00133299828
120.9	32.1	3.12232375145
121.2	32.1	3.24408316612
121.5	32.1	3.17550778389
121.8	32.1	3.13821816444
122.1	32.1	3.14122414589
122.4	32.1	3.14037156105
115.5	31.8	3.1393969059
115.8	31.8	3.14250659943
116.1	31.8	3.16266536713
116.4	31.8	3.20136094093
116.7	31.8	3.20435810089
117	31.8	3.13363242149
117.3	31.8	3.07005429268
117.6	31.8	3.09976863861
117.9	31.8	3.15593552589
118.2	31.8	3.1594991684
118.5	31.8	3.13169264793
118.8	31.8	3.1299021244
119.1	31.8	3.13012456894
119.4	31.8	3.07903647423
119.7	31.8	3.03266596794
120	31.8	3.07026195526
120.3	31.8	3.1319038868
120.6	31.8	3.12909722328
120.9	31.8	3.15544223785
121.2	31.8	3.19124913216
121.5	31.8	3.18125462532
121.8	31.8	3.17889690399
122.1	31.8	3.16169500351
122.4	31.8	3.14487576485
115.5	31.5	3.14039564133
115.8	31.5	3.145165205
116.1	31.5	3.16279816628
116.4	31.5	3.19205617905
116.7	31.5	3.20161151886
117	31.5	3.16794061661
117.3	31.5	3.12439727783
117.6	31.5	3.12420201302
117.9	31.5	3.14312458038
118.2	31.5	3.13229894638
118.5	31.5	3.12010335922
118.8	31.5	3.13663291931
119.1	31.5	3.15062260628
119.4	31.5	3.10011506081
119.7	31.5	3.04736304283
120	31.5	3.09358716011
120.3	31.5	3.16572189331
120.6	31.5	3.16996908188
120.9	31.5	3.13473463058
121.2	31.5	3.14056706429
121.5	31.5	3.18708252907
121.8	31.5	3.19927430153
122.1	31.5	3.16837525368
122.4	31.5	3.14538836479
115.5	31.2	3.14055752754
115.8	31.2	3.14499878883
116.1	31.2	3.15702533722
116.4	31.2	3.17468452454
116.7	31.2	3.19079351425
117	31.2	3.19935154915
117.3	31.2	3.19130039215
117.6	31.2	3.17743110657
117.9	31.2	3.16295099258
118.2	31.2	3.12215065956
118.5	31.2	3.08999013901
118.8	31.2	3.09835314751
119.1	31.2	3.13595914841
119.4	31.2	3.13693642616
119.7	31.2	3.11511039734
120	31.2	3.13524079323
120.3	31.2	3.15103435516
120.6	31.2	3.13576221466
120.9	31.2	3.12831830978
121.2	31.2	3.16802048683
121.5	31.2	3.2078294754
121.8	31.2	3.19607686996
122.1	31.2	3.16318392754
122.4	31.2	3.14208936691
115.5	30.9	3.13977646828
115.8	30.9	3.14189982414
116.1	30.9	3.14912819862
116.4	30.9	3.16384625435
116.7	30.9	3.18898439407
117	30.9	3.22026133537
117.3	30.9	3.23297023773
117.6	30.9	3.22601771355
117.9	30.9	3.2093398571
118.2	30.9	3.16074943542
118.5	30.9	3.11138081551
118.8	30.9	3.10387897491
119.1	30.9	3.14654493332
119.4	30.9	3.16884732246
119.7	30.9	3.17000436783
120	30.9	3.17676305771
120.3	30.9	3.13457942009
120.6	30.9	3.109395504
120.9	30.9	3.15995740891
121.2	30.9	3.21953058243
121.5	30.9	3.2181687355
121.8	30.9	3.19416475296
122.1	30.9	3.17450499535
122.4	30.9	3.15000677109
115.5	30.6	3.13946795464
115.8	30.6	3.13950538635
116.1	30.6	3.14240527153
116.4	30.6	3.15315651894
116.7	30.6	3.17913889885
117	30.6	3.21516084671
117.3	30.6	3.23587870598
117.6	30.6	3.24323320389
117.9	30.6	3.25066399574
118.2	30.6	3.2312643528
118.5	30.6	3.1880338192
118.8	30.6	3.17291045189
119.1	30.6	3.20876455307
119.4	30.6	3.21697211266
119.7	30.6	3.20948839188
120	30.6	3.2085351944
120.3	30.6	3.15076828003
120.6	30.6	3.13311338425
120.9	30.6	3.17889857292
121.2	30.6	3.19547796249
121.5	30.6	3.17755460739
121.8	30.6	3.18237924576
122.1	30.6	3.19391798973
122.4	30.6	3.17062997818
115.5	30.3	3.13974738121
115.8	30.3	3.1391415596
116.1	30.3	3.1390414238
116.4	30.3	3.14323973656
116.7	30.3	3.15854096413
117	30.3	3.18418097496
117.3	30.3	3.20598006248
117.6	30.3	3.22686457634
117.9	30.3	3.25332713127
118.2	30.3	3.24862766266
118.5	30.3	3.19917225838
118.8	30.3	3.1847205162
119.1	30.3	3.23202705383
119.4	30.3	3.24417567253
119.7	30.3	3.2230694294
120	30.3	3.21779823303
120.3	30.3	3.18984603882
120.6	30.3	3.17877912521
120.9	30.3	3.17574739456
121.2	30.3	3.15825128555
121.5	30.3	3.15848875046
121.8	30.3	3.17833209038
122.1	30.3	3.19663214684
122.4	30.3	3.1794359684
115.5	30	3.14001011848
115.8	30	3.13967251778
116.1	30	3.13885164261
116.4	30	3.1389067173
116.7	30	3.14414429665
117	30	3.15751314163
117.3	30	3.17584133148
117.6	30	3.19903588295
117.9	30	3.22194027901
118.2	30	3.20401382446
118.5	30	3.13956785202
118.8	30	3.13416528702
119.1	30	3.20708060265
119.4	30	3.24388432503
119.7	30	3.22706365585
120	30	3.24016094208
120.3	30	3.25205540657
120.6	30	3.22560429573
120.9	30	3.19107508659
121.2	30	3.19194555283
121.5	30	3.21870994568
121.8	30	3.2168598175
122.1	30	3.19744753838
122.4	30	3.16942739487
115.5	29.7	3.14004969597
115.8	29.7	3.14001774788
116.1	29.7	3.13959503174
116.4	29.7	3.1387360096
116.7	29.7	3.13906288147
117	29.7	3.1437151432
117.3	29.7	3.15500307083
117.6	29.7	3.17406988144
117.9	29.7	3.19516396523
118.2	29.7	3.19605350494
118.5	29.7	3.17956519127
118.8	29.7	3.19926166534
119.1	29.7	3.24948072433
119.4	29.7	3.26396870613
119.7	29.7	3.23603057861
120	29.7	3.24928975105
120.3	29.7	3.26712393761
120.6	29.7	3.23202252388
120.9	29.7	3.20543169975
121.2	29.7	3.23363018036
121.5	29.7	3.26327800751
121.8	29.7	3.24027180672
122.1	29.7	3.19424152374
122.4	29.7	3.15757608414
115.5	29.4	3.14001107216
115.8	29.4	3.14005756378
116.1	29.4	3.14000844955
116.4	29.4	3.13955545425
116.7	29.4	3.13882660866
117	29.4	3.13930606842
117.3	29.4	3.144064188
117.6	29.4	3.15770864487
117.9	29.4	3.18441414833
118.2	29.4	3.22372078896
118.5	29.4	3.26220560074
118.8	29.4	3.27822613716
119.1	29.4	3.27549958229
119.4	29.4	3.26002526283
119.7	29.4	3.2424697876
120	29.4	3.25540614128
120.3	29.4	3.25786828995
120.6	29.4	3.22988295555
120.9	29.4	3.22327280045
121.2	29.4	3.25536346436
121.5	29.4	3.26357722282
121.8	29.4	3.22390818596
122.1	29.4	3.17616963387
122.4	29.4	3.14683127403
115.5	29.1	3.13999652863
115.8	29.1	3.14001369476
116.1	29.1	3.14005756378
116.4	29.1	3.13998699188
116.7	29.1	3.13956856728
117	29.1	3.13899540901
117.3	29.1	3.1397922039
117.6	29.1	3.14646863937
117.9	29.1	3.16792869568
118.2	29.1	3.21240735054
118.5	29.1	3.26398897171
118.8	29.1	3.28163170815
119.1	29.1	3.26180529594
119.4	29.1	3.24707555771
119.7	29.1	3.26173686981
120	29.1	3.26601099968
120.3	29.1	3.24151825905
120.6	29.1	3.22840285301
120.9	29.1	3.23897361755
121.2	29.1	3.26310038567
121.5	29.1	3.24935746193
121.8	29.1	3.19711017609
122.1	29.1	3.1564810276
122.4	29.1	3.13997364044
115.5	28.8	3.13999891281
115.8	28.8	3.13999700546
116.1	28.8	3.14001560211
116.4	28.8	3.14004731178
116.7	28.8	3.13995957375
117	28.8	3.13956141472
117.3	28.8	3.13902688026
117.6	28.8	3.14044857025
117.9	28.8	3.15077495575
118.2	28.8	3.17973852158
118.5	28.8	3.22248983383
118.8	28.8	3.2479121685
119.1	28.8	3.24019098282
119.4	28.8	3.25006532669
119.7	28.8	3.28594446182
120	28.8	3.26705813408
120.3	28.8	3.22510242462
120.6	28.8	3.22792458534
120.9	28.8	3.24807143211
121.2	28.8	3.26259541512
121.5	28.8	3.23456788063
121.8	28.8	3.17666697502
122.1	28.8	3.14454269409
122.4	28.8	3.13766765594
115.5	28.5	3.1400001049
115.8	28.5	3.13999891281
116.1	28.5	3.13999891281
116.4	28.5	3.14001607895
116.7	28.5	3.14003133774
117	28.5	3.1399166584
117.3	28.5	3.13945436478
117.6	28.5	3.13896489143
117.9	28.5	3.14199566841
118.2	28.5	3.15750288963
118.5	28.5	3.18935012817
118.8	28.5	3.21736097336
119.1	28.5	3.2268550396
119.4	28.5	3.25567150116
119.7	28.5	3.28261995316
120	28.5	3.24480819702
120.3	28.5	3.21220684052
120.6	28.5	3.23725175858
120.9	28.5	3.2687356472
121.2	28.5	3.27082490921
121.5	28.5	3.22378396988
121.8	28.5	3.16281747818
122.1	28.5	3.13904500008
122.4	28.5	3.13774490356
115.5	28.2	3.1400001049
115.8	28.2	3.13999986649
116.1	28.2	3.13999891281
116.4	28.2	3.14000177383
116.7	28.2	3.14001631737
117	28.2	3.14001512527
117.3	28.2	3.13983559608
117.6	28.2	3.13918280602
117.9	28.2	3.13916397095
118.2	28.2	3.14632034302
118.5	28.2	3.16936469078
118.8	28.2	3.19993424416
119.1	28.2	3.22437691689
119.4	28.2	3.25042486191
119.7	28.2	3.25018930435
120	28.2	3.21004700661
120.3	28.2	3.20000720024
120.6	28.2	3.24658036232
120.9	28.2	3.29528570175
121.2	28.2	3.28721761703
121.5	28.2	3.21748876572
121.8	28.2	3.15434646606
122.1	28.2	3.13703536987
122.4	28.2	3.13835287094
115.5	27.9	3.1400001049
115.8	27.9	3.1400001049
116.1	27.9	3.13999962807
116.4	27.9	3.13999938965
116.7	27.9	3.14000535011
117	27.9	3.14002227783
117.3	27.9	3.13998603821
117.6	27.9	3.13956427574
117.9	27.9	3.13875460625
118.2	27.9	3.14175391197
118.5	27.9	3.15891385078
118.8	27.9	3.19138431549
119.1	27.9	3.22233986855
119.4	27.9	3.23318815231
119.7	27.9	3.21161389351
120	27.9	3.179936409
120.3	27.9	3.18379926682
120.6	27.9	3.23544406891
120.9	27.9	3.29449272156
121.2	27.9	3.28488826752
121.5	27.9	3.20710754395
121.8	27.9	3.14919662476
122.1	27.9	3.13692855835
122.4	27.9	3.13891077042
115.5	27.6	3.1400001049
115.8	27.6	3.1400001049
116.1	27.6	3.1400001049
116.4	27.6	3.13999938965
116.7	27.6	3.1400001049
117	27.6	3.14001345634
117.3	27.6	3.14002943039
117.6	27.6	3.13982629776
117.9	27.6	3.13902807236
118.2	27.6	3.13977479935
118.5	27.6	3.15041327477
118.8	27.6	3.17637634277
119.1	27.6	3.20171451569
119.4	27.6	3.20125818253
119.7	27.6	3.17692303658
120	27.6	3.15734910965
120.3	27.6	3.16389679909
120.6	27.6	3.20337438583
120.9	27.6	3.2543387413
121.2	27.6	3.24818921089
121.5	27.6	3.18589067459
121.8	27.6	3.14451003075
122.1	27.6	3.13757824898
122.4	27.6	3.13938164711
115.5	27.3	3.1400001049
115.8	27.3	3.1400001049
116.1	27.3	3.1400001049
116.4	27.3	3.1400001049
116.7	27.3	3.13999891281
117	27.3	3.14000415802
117.3	27.3	3.14003109932
117.6	27.3	3.13998579979
117.9	27.3	3.1394405365
118.2	27.3	3.13882732391
118.5	27.3	3.14264345169
118.8	27.3	3.15526938438
119.1	27.3	3.16777515411
119.4	27.3	3.16471719742
119.7	27.3	3.1511349678
120	27.3	3.14297056198
120.3	27.3	3.14705371857
120.6	27.3	3.16767001152
120.9	27.3	3.19716882706
121.2	27.3	3.19426965714
121.5	27.3	3.16021800041
121.8	27.3	3.14010071754
122.1	27.3	3.13827371597
122.4	27.3	3.13975095749
