114	34.8	4.00516748428
114.3	34.8	4.00502157211
114.6	34.8	4.0049829483
114.9	34.8	4.00497102737
115.2	34.8	4.0049905777
115.5	34.8	4.00523233414
115.8	34.8	4.00567054749
116.1	34.8	4.00484418869
116.4	34.8	3.99936294556
116.7	34.8	3.98910593987
117	34.8	3.98141026497
117.3	34.8	3.97737336159
117.6	34.8	3.96770334244
117.9	34.8	3.9488492012
118.2	34.8	3.93546843529
118.5	34.8	3.9379529953
118.8	34.8	3.94608092308
119.1	34.8	3.94773840904
119.4	34.8	3.95166754723
119.7	34.8	3.97118711472
120	34.8	3.99462628365
120.3	34.8	4.00673913956
120.6	34.8	4.00812387466
120.9	34.8	4.00612974167
121.2	34.8	4.00498771667
121.5	34.8	4.00484085083
121.8	34.8	4.00496912003
122.1	34.8	4.00500822067
122.4	34.8	4.0050034523
114	34.5	4.00508403778
114.3	34.5	4.00500679016
114.6	34.5	4.00498008728
114.9	34.5	4.00495576859
115.2	34.5	4.00505113602
115.5	34.5	4.00559949875
115.8	34.5	4.00616645813
116.1	34.5	4.00366401672
116.4	34.5	3.9928047657
116.7	34.5	3.9749288559
117	34.5	3.96343588829
117.3	34.5	3.95783996582
117.6	34.5	3.93825721741
117.9	34.5	3.89613604546
118.2	34.5	3.85890030861
118.5	34.5	3.85912060738
118.8	34.5	3.8855111599
119.1	34.5	3.8981115818
119.4	34.5	3.89953660965
119.7	34.5	3.92574477196
120	34.5	3.96912240982
120.3	34.5	3.99859786034
120.6	34.5	4.00819063187
120.9	34.5	4.00763750076
121.2	34.5	4.00567293167
121.5	34.5	4.00492763519
121.8	34.5	4.00488758087
122.1	34.5	4.00498056412
122.4	34.5	4.00500774384
114	34.2	4.00502634048
114.3	34.2	4.00499486923
114.6	34.2	4.00497198105
114.9	34.2	4.00496768951
115.2	34.2	4.00520944595
115.5	34.2	4.00602483749
115.8	34.2	4.00613355637
116.1	34.2	4.00006961823
116.4	34.2	3.98015999794
116.7	34.2	3.95042896271
117	34.2	3.9326479435
117.3	34.2	3.92902898788
117.6	34.2	3.91047739983
117.9	34.2	3.85595917702
118.2	34.2	3.79536509514
118.5	34.2	3.78773570061
118.8	34.2	3.83334851265
119.1	34.2	3.86064147949
119.4	34.2	3.85374093056
119.7	34.2	3.87322235107
120	34.2	3.93044567108
120.3	34.2	3.97996497154
120.6	34.2	4.00331354141
120.9	34.2	4.00820207596
121.2	34.2	4.0068359375
121.5	34.2	4.00539493561
121.8	34.2	4.00491809845
122.1	34.2	4.00492286682
122.4	34.2	4.00498819351
114	33.9	4.00499820709
114.3	33.9	4.00499391556
114.6	33.9	4.00497913361
114.9	33.9	4.00500488281
115.2	33.9	4.00540113449
115.5	33.9	4.00632190704
115.8	33.9	4.00545978546
116.1	33.9	3.99515032768
116.4	33.9	3.96554017067
116.7	33.9	3.92277646065
117	33.9	3.89461255074
117.3	33.9	3.89092731476
117.6	33.9	3.88293528557
117.9	33.9	3.83770751953
118.2	33.9	3.77489495277
118.5	33.9	3.76407003403
118.8	33.9	3.81774783134
119.1	33.9	3.84914970398
119.4	33.9	3.82917284966
119.7	33.9	3.83258080482
120	33.9	3.88926410675
120.3	33.9	3.95237159729
120.6	33.9	3.99070835114
120.9	33.9	4.00506687164
121.2	33.9	4.00741386414
121.5	33.9	4.00627613068
121.8	33.9	4.00526618958
122.1	33.9	4.00493192673
122.4	33.9	4.00494337082
114	33.6	4.00500249863
114.3	33.6	4.00500392914
114.6	33.6	4.00497579575
114.9	33.6	4.00499200821
115.2	33.6	4.0054397583
115.5	33.6	4.00633764267
115.8	33.6	4.00460958481
116.1	33.6	3.99147057533
116.4	33.6	3.95709776878
116.7	33.6	3.90837597847
117	33.6	3.87163996696
117.3	33.6	3.86167049408
117.6	33.6	3.85859465599
117.9	33.6	3.83017897606
118.2	33.6	3.78687620163
118.5	33.6	3.79007029533
118.8	33.6	3.84302997589
119.1	33.6	3.86013221741
119.4	33.6	3.82216644287
119.7	33.6	3.81082463264
120	33.6	3.85796070099
120.3	33.6	3.9228386879
120.6	33.6	3.97092580795
120.9	33.6	3.99571609497
121.2	33.6	4.0049829483
121.5	33.6	4.00679111481
121.8	33.6	4.00596237183
122.1	33.6	4.00517511368
122.4	33.6	4.00493764877
114	33.3	4.00501441956
114.3	33.3	4.00497627258
114.6	33.3	4.00484895706
114.9	33.3	4.00481128693
115.2	33.3	4.00527143478
115.5	33.3	4.00602960587
115.8	33.3	4.0035738945
116.1	33.3	3.9887676239
116.4	33.3	3.95250582695
116.7	33.3	3.90394568443
117	33.3	3.86391735077
117.3	33.3	3.84775781631
117.6	33.3	3.84479188919
117.9	33.3	3.82890820503
118.2	33.3	3.8089466095
118.5	33.3	3.83244609833
118.8	33.3	3.87745952606
119.1	33.3	3.87156462669
119.4	33.3	3.82007932663
119.7	33.3	3.80323529243
120	33.3	3.8430480957
120.3	33.3	3.90124797821
120.6	33.3	3.94857263565
120.9	33.3	3.97915863991
121.2	33.3	3.99680638313
121.5	33.3	4.00489711761
121.8	33.3	4.00645780563
122.1	33.3	4.00570249557
122.4	33.3	4.00507640839
114	33	4.00497293472
114.3	33	4.00481128693
114.6	33	4.00460672379
114.9	33	4.00479650497
115.2	33	4.00570583344
115.5	33	4.00653076172
115.8	33	4.00308609009
116.1	33	3.98636007309
116.4	33	3.9483191967
116.7	33	3.89777159691
117	33	3.8544781208
117.3	33	3.83235549927
117.6	33	3.82640099525
117.9	33	3.82228326797
118.2	33	3.82588624954
118.5	33	3.85988950729
118.8	33	3.88792490959
119.1	33	3.86524009705
119.4	33	3.82067704201
119.7	33	3.8167014122
120	33	3.85105752945
120.3	33	3.89453864098
120.6	33	3.92892622948
120.9	33	3.95688080788
121.2	33	3.98194813728
121.5	33	3.99935007095
121.8	33	4.00578403473
122.1	33	4.00628376007
122.4	33	4.0054397583
114	32.7	4.00483942032
114.3	32.7	4.00460338593
114.6	32.7	4.00489234924
114.9	32.7	4.00679397583
115.2	32.7	4.00981807709
115.5	32.7	4.01100254059
115.8	32.7	4.00525903702
116.1	32.7	3.98574566841
116.4	32.7	3.94701957703
116.7	32.7	3.89794850349
117	32.7	3.8547976017
117.3	32.7	3.82344937325
117.6	32.7	3.80155277252
117.9	32.7	3.79506397247
118.2	32.7	3.81619429588
118.5	32.7	3.85177636147
118.8	32.7	3.86128735542
119.1	32.7	3.83601045609
119.4	32.7	3.82109093666
119.7	32.7	3.84934568405
120	32.7	3.88575458527
120.3	32.7	3.90411949158
120.6	32.7	3.91400980949
120.9	32.7	3.93415164948
121.2	32.7	3.96533489227
121.5	32.7	3.99215888977
121.8	32.7	4.00416946411
122.1	32.7	4.00662946701
122.4	32.7	4.00600242615
114	32.4	4.00471305847
114.3	32.4	4.00482797623
114.6	32.4	4.00702857971
114.9	32.4	4.01366090775
115.2	32.4	4.02193403244
115.5	32.4	4.02393817902
115.8	32.4	4.01298236847
116.1	32.4	3.98809313774
116.4	32.4	3.95183205605
116.7	32.4	3.91209578514
117	32.4	3.87644338608
117.3	32.4	3.83837580681
117.6	32.4	3.79658198357
117.9	32.4	3.77768468857
118.2	32.4	3.80271577835
118.5	32.4	3.82885122299
118.8	32.4	3.81895041466
119.1	32.4	3.7931895256
119.4	32.4	3.80599093437
119.7	32.4	3.86732745171
120	32.4	3.91524529457
120.3	32.4	3.91689610481
120.6	32.4	3.90356469154
120.9	32.4	3.91511845589
121.2	32.4	3.95125961304
121.5	32.4	3.98454141617
121.8	32.4	4.00053405762
122.1	32.4	4.00587892532
122.4	32.4	4.00653076172
114	32.1	4.00470590591
114.3	32.1	4.00542783737
114.6	32.1	4.01016378403
114.9	32.1	4.02247047424
115.2	32.1	4.03659200668
115.5	32.1	4.03792095184
115.8	32.1	4.01760625839
116.1	32.1	3.98427224159
116.4	32.1	3.95403671265
116.7	32.1	3.93647241592
117	32.1	3.92244505882
117.3	32.1	3.88958907127
117.6	32.1	3.83964967728
117.9	32.1	3.813580513
118.2	32.1	3.83278346062
118.5	32.1	3.84108901024
118.8	32.1	3.80818152428
119.1	32.1	3.77248048782
119.4	32.1	3.79070520401
119.7	32.1	3.85634207726
120	32.1	3.89676141739
120.3	32.1	3.88698959351
120.6	32.1	3.86655044556
120.9	32.1	3.87610149384
121.2	32.1	3.9164648056
121.5	32.1	3.95953941345
121.8	32.1	3.98563551903
122.1	32.1	3.99982237816
122.4	32.1	4.00556993484
114	31.8	4.0046544075
114.3	31.8	4.00537729263
114.6	31.8	4.0102930069
114.9	31.8	4.02297735214
115.2	31.8	4.03589677811
115.5	31.8	4.02997970581
115.8	31.8	3.99428057671
116.1	31.8	3.94613671303
116.4	31.8	3.91989326477
116.7	31.8	3.9334230423
117	31.8	3.9601290226
117.3	31.8	3.95627379417
117.6	31.8	3.92141318321
117.9	31.8	3.90256857872
118.2	31.8	3.9123840332
118.5	31.8	3.89969730377
118.8	31.8	3.8475112915
119.1	31.8	3.80106306076
119.4	31.8	3.80822348595
119.7	31.8	3.85142207146
120	31.8	3.86566758156
120.3	31.8	3.84259319305
120.6	31.8	3.82164382935
120.9	31.8	3.82393836975
121.2	31.8	3.85614562035
121.5	31.8	3.90864849091
121.8	31.8	3.95502686501
122.1	31.8	3.98525905609
122.4	31.8	4.0008687973
114	31.5	4.00462913513
114.3	31.5	4.00484085083
114.6	31.5	4.0080499649
114.9	31.5	4.01715564728
115.2	31.5	4.02563047409
115.5	31.5	4.01387119293
115.8	31.5	3.96731948853
116.1	31.5	3.90417647362
116.4	31.5	3.87349581718
116.7	31.5	3.90673112869
117	31.5	3.96519684792
117.3	31.5	3.98781371117
117.6	31.5	3.97117066383
117.9	31.5	3.96081328392
118.2	31.5	3.95732116699
118.5	31.5	3.92740225792
118.8	31.5	3.87406802177
119.1	31.5	3.839230299
119.4	31.5	3.8478410244
119.7	31.5	3.87249827385
120	31.5	3.86954259872
120.3	31.5	3.84526324272
120.6	31.5	3.82911705971
120.9	31.5	3.81943559647
121.2	31.5	3.83138084412
121.5	31.5	3.87820315361
121.8	31.5	3.93111181259
122.1	31.5	3.96810364723
122.4	31.5	3.99127388
114	31.2	4.00472211838
114.3	31.2	4.00453901291
114.6	31.2	4.00608205795
114.9	31.2	4.01206016541
115.2	31.2	4.01932239532
115.5	31.2	4.01188611984
115.8	31.2	3.97281503677
116.1	31.2	3.91256546974
116.4	31.2	3.87708425522
116.7	31.2	3.90023112297
117	31.2	3.94034528732
117.3	31.2	3.94516611099
117.6	31.2	3.92648553848
117.9	31.2	3.92728900909
118.2	31.2	3.93294286728
118.5	31.2	3.91392421722
118.8	31.2	3.88349223137
119.1	31.2	3.87580370903
119.4	31.2	3.89704656601
119.7	31.2	3.91782784462
120	31.2	3.91474318504
120.3	31.2	3.90190672874
120.6	31.2	3.89860773087
120.9	31.2	3.88854122162
121.2	31.2	3.88443136215
121.5	31.2	3.90682148933
121.8	31.2	3.93428707123
122.1	31.2	3.95387983322
122.4	31.2	3.9762365818
114	30.9	4.00483512878
114.3	30.9	4.00447463989
114.6	30.9	4.00485801697
114.9	30.9	4.00885295868
115.2	30.9	4.01739931107
115.5	30.9	4.02137517929
115.8	30.9	4.00573396683
116.1	30.9	3.97033143044
116.4	30.9	3.94141077995
116.7	30.9	3.93611097336
117	30.9	3.92193961143
117.3	30.9	3.88117051125
117.6	30.9	3.85136985779
117.9	30.9	3.87015008926
118.2	30.9	3.90647625923
118.5	30.9	3.91513180733
118.8	30.9	3.90344500542
119.1	30.9	3.90471935272
119.4	30.9	3.92803454399
119.7	30.9	3.9497127533
120	30.9	3.94998693466
120.3	30.9	3.94319057465
120.6	30.9	3.95219898224
120.9	30.9	3.96047616005
121.2	30.9	3.96091890335
121.5	30.9	3.96015930176
121.8	30.9	3.952252388
122.1	30.9	3.94452953339
122.4	30.9	3.96058487892
114	30.6	4.00490856171
114.3	30.6	4.00448894501
114.6	30.6	4.00431728363
114.9	30.6	4.00733804703
115.2	30.6	4.01815223694
115.5	30.6	4.0348649025
115.8	30.6	4.04575586319
116.1	30.6	4.04124832153
116.4	30.6	4.02737998962
116.7	30.6	4.00284814835
117	30.6	3.95259547234
117.3	30.6	3.88930916786
117.6	30.6	3.8574078083
117.9	30.6	3.88071250916
118.2	30.6	3.92381429672
118.5	30.6	3.93581604958
118.8	30.6	3.91361069679
119.1	30.6	3.89660692215
119.4	30.6	3.90693068504
119.7	30.6	3.92457294464
120	30.6	3.92676830292
120.3	30.6	3.92429733276
120.6	30.6	3.94429254532
120.9	30.6	3.97735977173
121.2	30.6	3.99606776237
121.5	30.6	3.98693275452
121.8	30.6	3.95897555351
122.1	30.6	3.9386613369
122.4	30.6	3.95200514793
114	30.3	4.00493860245
114.3	30.3	4.00458669662
114.6	30.3	4.004301548
114.9	30.3	4.00713157654
115.2	30.3	4.01984500885
115.5	30.3	4.04586648941
115.8	30.3	4.07635068893
116.1	30.3	4.0943903923
116.4	30.3	4.09296274185
116.7	30.3	4.06599760056
117	30.3	4.01397752762
117.3	30.3	3.95724630356
117.6	30.3	3.92528319359
117.9	30.3	3.92874479294
118.2	30.3	3.94679641724
118.5	30.3	3.94447922707
118.8	30.3	3.911485672
119.1	30.3	3.88246393204
119.4	30.3	3.87920284271
119.7	30.3	3.88673090935
120	30.3	3.89556455612
120.3	30.3	3.9071969986
120.6	30.3	3.93451237679
120.9	30.3	3.97331762314
121.2	30.3	3.99681901932
121.5	30.3	3.98395967484
121.8	30.3	3.9500310421
122.1	30.3	3.93637514114
122.4	30.3	3.955296278
114	30	4.00494813919
114.3	30	4.00464200974
114.6	30	4.00427293777
114.9	30	4.00630187988
115.2	30	4.01720333099
115.5	30	4.04287242889
115.8	30	4.07733297348
116.1	30	4.10103654861
116.4	30	4.10242462158
116.7	30	4.08241939545
117	30	4.04916667938
117.3	30	4.0128660202
117.6	30	3.98037290573
117.9	30	3.95360445976
118.2	30	3.93281412125
118.5	30	3.91446256638
118.8	30	3.8947634697
119.1	30	3.89012908936
119.4	30	3.90134453773
119.7	30	3.91191530228
120	30	3.92483735085
120.3	30	3.93237996101
120.6	30	3.93419909477
120.9	30	3.94989585876
121.2	30	3.96771812439
121.5	30	3.9596722126
121.8	30	3.93969345093
122.1	30	3.94750642776
122.4	30	3.97283864021
114	29.7	4.00497531891
114.3	29.7	4.00477313995
114.6	29.7	4.00445461273
114.9	29.7	4.00557661057
115.2	29.7	4.01294517517
115.5	29.7	4.03206443787
115.8	29.7	4.0590877533
116.1	29.7	4.07707262039
116.4	29.7	4.0760474205
116.7	29.7	4.06506109238
117	29.7	4.05498886108
117.3	29.7	4.04271554947
117.6	29.7	4.01507997513
117.9	29.7	3.96811628342
118.2	29.7	3.91949367523
118.5	29.7	3.89247465134
118.8	29.7	3.89362740517
119.1	29.7	3.91872763634
119.4	29.7	3.9542388916
119.7	29.7	3.97726082802
120	29.7	3.96990871429
120.3	29.7	3.93754124641
120.6	29.7	3.89268517494
120.9	29.7	3.89208745956
121.2	29.7	3.92092299461
121.5	29.7	3.92803883553
121.8	29.7	3.93174815178
122.1	29.7	3.96073865891
122.4	29.7	3.98875570297
114	29.4	4.00500965118
114.3	29.4	4.00492429733
114.6	29.4	4.00467586517
114.9	29.4	4.00497198105
115.2	29.4	4.00857639313
115.5	29.4	4.01922178268
115.8	29.4	4.03476667404
116.1	29.4	4.04425573349
116.4	29.4	4.04274749756
116.7	29.4	4.03999900818
117	29.4	4.04311656952
117.3	29.4	4.0427312851
117.6	29.4	4.02085971832
117.9	29.4	3.9734749794
118.2	29.4	3.92346811295
118.5	29.4	3.90208387375
118.8	29.4	3.91479158401
119.1	29.4	3.95136475563
119.4	29.4	4.00630521774
119.7	29.4	4.04499816895
120	29.4	4.00658130646
120.3	29.4	3.93182635307
120.6	29.4	3.86157822609
120.9	29.4	3.868227005
121.2	29.4	3.91437530518
121.5	29.4	3.92861008644
121.8	29.4	3.94116449356
122.1	29.4	3.97313141823
122.4	29.4	3.99738621712
114	29.1	4.00501966476
114.3	29.1	4.00495052338
114.6	29.1	4.00459575653
114.9	29.1	4.00397109985
115.2	29.1	4.00421524048
115.5	29.1	4.00743484497
115.8	29.1	4.01312494278
116.1	29.1	4.01653289795
116.4	29.1	4.01657485962
116.7	29.1	4.01805210114
117	29.1	4.02204036713
117.3	29.1	4.02289485931
117.6	29.1	4.01032924652
117.9	29.1	3.97842478752
118.2	29.1	3.93979239464
118.5	29.1	3.9218249321
118.8	29.1	3.93258833885
119.1	29.1	3.97234320641
119.4	29.1	4.03980922699
119.7	29.1	4.07732057571
120	29.1	4.0002207756
120.3	29.1	3.89728188515
120.6	29.1	3.84048676491
120.9	29.1	3.87691259384
121.2	29.1	3.94066476822
121.5	29.1	3.95921325684
121.8	29.1	3.96870112419
122.1	29.1	3.98884177208
122.4	29.1	4.00277376175
114	28.8	4.00500202179
114.3	28.8	4.00489902496
114.6	28.8	4.00452423096
114.9	28.8	4.003698349
115.2	28.8	4.00268697739
115.5	28.8	4.00194978714
115.8	28.8	4.00105524063
116.1	28.8	3.99897432327
116.4	28.8	3.99685955048
116.7	28.8	3.99575543404
117	28.8	3.99538135529
117.3	28.8	3.99616837502
117.6	28.8	3.99484324455
117.9	28.8	3.98212909698
118.2	28.8	3.95660042763
118.5	28.8	3.9394056797
118.8	28.8	3.94435310364
119.1	28.8	3.98363924026
119.4	28.8	4.04573154449
119.7	28.8	4.05949306488
120	28.8	3.96231746674
120.3	28.8	3.86056017876
120.6	28.8	3.83992409706
120.9	28.8	3.900857687
121.2	28.8	3.96448040009
121.5	28.8	3.98321390152
121.8	28.8	3.99097275734
122.1	28.8	4.00037479401
122.4	28.8	4.00563907623
114	28.5	4.00498723984
114.3	28.5	4.00495815277
114.6	28.5	4.00501394272
114.9	28.5	4.00550556183
115.2	28.5	4.00670146942
115.5	28.5	4.00679159164
115.8	28.5	4.00287294388
116.1	28.5	3.99530076981
116.4	28.5	3.98782873154
116.7	28.5	3.98132777214
117	28.5	3.97702097893
117.3	28.5	3.97748541832
117.6	28.5	3.98131656647
117.9	28.5	3.97934746742
118.2	28.5	3.96390199661
118.5	28.5	3.94711136818
118.8	28.5	3.94477081299
119.1	28.5	3.9704220295
119.4	28.5	4.00697994232
119.7	28.5	4.00091457367
120	28.5	3.92611765862
120.3	28.5	3.85734415054
120.6	28.5	3.86648726463
120.9	28.5	3.92587065697
121.2	28.5	3.97177791595
121.5	28.5	3.98824429512
121.8	28.5	3.99835348129
122.1	28.5	4.00443696976
122.4	28.5	4.00624418259
114	28.2	4.00497674942
114.3	28.2	4.00500440598
114.6	28.2	4.00537252426
114.9	28.2	4.0067987442
115.2	28.2	4.00960063934
115.5	28.2	4.01080608368
115.8	28.2	4.00639533997
116.1	28.2	3.99764060974
116.4	28.2	3.98933434486
116.7	28.2	3.98240566254
117	28.2	3.97782278061
117.3	28.2	3.97718453407
117.6	28.2	3.97948050499
117.9	28.2	3.97884774208
118.2	28.2	3.96802783012
118.5	28.2	3.94855761528
118.8	28.2	3.93264317513
119.1	28.2	3.93457889557
119.4	28.2	3.94862866402
119.7	28.2	3.9485013485
120	28.2	3.91985797882
120.3	28.2	3.88840413094
120.6	28.2	3.90076875687
120.9	28.2	3.93572974205
121.2	28.2	3.96313238144
121.5	28.2	3.98286485672
121.8	28.2	3.99802184105
122.1	28.2	4.00500440598
122.4	28.2	4.00612974167
114	27.9	4.00497198105
114.3	27.9	4.00494670868
114.6	27.9	4.00511312485
114.9	27.9	4.00590801239
115.2	27.9	4.00734233856
115.5	27.9	4.007376194
115.8	27.9	4.00395727158
116.1	27.9	3.99891662598
116.4	27.9	3.99521493912
116.7	27.9	3.9926276207
117	27.9	3.99079203606
117.3	27.9	3.99013662338
117.6	27.9	3.99042463303
117.9	27.9	3.98900794983
118.2	27.9	3.98027253151
118.5	27.9	3.95889925957
118.8	27.9	3.93111872673
119.1	27.9	3.917065382
119.4	27.9	3.92641162872
119.7	27.9	3.94418907166
120	27.9	3.9484128952
120.3	27.9	3.9361333847
120.6	27.9	3.93282723427
120.9	27.9	3.93812942505
121.2	27.9	3.95267295837
121.5	27.9	3.97762322426
121.8	27.9	3.99708390236
122.1	27.9	4.0049366951
122.4	27.9	4.00597858429
114	27.6	4.00498819351
114.3	27.6	4.00495290756
114.6	27.6	4.00493192673
114.9	27.6	4.00508356094
115.2	27.6	4.00535392761
115.5	27.6	4.00494432449
115.8	27.6	4.00338792801
116.1	27.6	4.00193023682
116.4	27.6	4.00161218643
116.7	27.6	4.00178337097
117	27.6	4.00181913376
117.3	27.6	4.00176429749
117.6	27.6	4.00185346603
117.9	27.6	4.00125455856
118.2	27.6	3.99613785744
118.5	27.6	3.9800722599
118.8	27.6	3.95543050766
119.1	27.6	3.94126033783
119.4	27.6	3.95094823837
119.7	27.6	3.97319817543
120	27.6	3.98512744904
120.3	27.6	3.97924661636
120.6	27.6	3.96578788757
120.9	27.6	3.95464038849
121.2	27.6	3.9600508213
121.5	27.6	3.98188090324
121.8	27.6	3.99892306328
122.1	27.6	4.00518846512
122.4	27.6	4.00577068329
114	27.3	4.00500297546
114.3	27.3	4.00498914719
114.6	27.3	4.00496006012
114.9	27.3	4.00494909286
115.2	27.3	4.00494432449
115.5	27.3	4.00475740433
115.8	27.3	4.00436210632
116.1	27.3	4.00424051285
116.4	27.3	4.00461053848
116.7	27.3	4.00507974625
117	27.3	4.00534105301
117.3	27.3	4.00540876389
117.6	27.3	4.00562143326
117.9	27.3	4.00601673126
118.2	27.3	4.00479602814
118.5	27.3	3.99818062782
118.8	27.3	3.98618078232
119.1	27.3	3.97921609879
119.4	27.3	3.98504471779
119.7	27.3	3.99757051468
120	27.3	4.00468206406
120.3	27.3	4.0013217926
120.6	27.3	3.99083423615
120.9	27.3	3.98046994209
121.2	27.3	3.98141050339
121.5	27.3	3.99354839325
121.8	27.3	4.00273895264
122.1	27.3	4.00566482544
122.4	27.3	4.00553417206
