115.5	34.8	3.41627240181
115.8	34.8	3.41698122025
116.1	34.8	3.41586279869
116.4	34.8	3.39913034439
116.7	34.8	3.35389471054
117	34.8	3.31652736664
117.3	34.8	3.33218646049
117.6	34.8	3.36254501343
117.9	34.8	3.37868833542
118.2	34.8	3.38864088058
118.5	34.8	3.40840268135
118.8	34.8	3.43391799927
119.1	34.8	3.44460606575
119.4	34.8	3.42500209808
119.7	34.8	3.4041159153
120	34.8	3.40812683105
120.3	34.8	3.41686868668
120.6	34.8	3.41836071014
120.9	34.8	3.41664719582
121.2	34.8	3.41586327553
121.5	34.8	3.41591835022
121.8	34.8	3.41600370407
122.1	34.8	3.41600441933
122.4	34.8	3.41600012779
115.5	34.5	3.41623950005
115.8	34.5	3.41709280014
116.1	34.5	3.41450738907
116.4	34.5	3.39123988152
116.7	34.5	3.33523011208
117	34.5	3.29300427437
117.3	34.5	3.31186366081
117.6	34.5	3.34901213646
117.9	34.5	3.36942481995
118.2	34.5	3.37679028511
118.5	34.5	3.39701151848
118.8	34.5	3.43607664108
119.1	34.5	3.46376228333
119.4	34.5	3.43217515945
119.7	34.5	3.3818693161
120	34.5	3.38158321381
120.3	34.5	3.40501737595
120.6	34.5	3.4178249836
120.9	34.5	3.41814875603
121.2	34.5	3.41631793976
121.5	34.5	3.41583490372
121.8	34.5	3.41593527794
122.1	34.5	3.41599822044
122.4	34.5	3.41600441933
115.5	34.2	3.41622662544
115.8	34.2	3.41677522659
116.1	34.2	3.41341733932
116.4	34.2	3.39141273499
116.7	34.2	3.34547281265
117	34.2	3.31631994247
117.3	34.2	3.33175063133
117.6	34.2	3.36480975151
117.9	34.2	3.39128828049
118.2	34.2	3.39573860168
118.5	34.2	3.40061283112
118.8	34.2	3.42939162254
119.1	34.2	3.45775055885
119.4	34.2	3.4179546833
119.7	34.2	3.33903646469
120	34.2	3.32702994347
120.3	34.2	3.37133622169
120.6	34.2	3.40915703773
120.9	34.2	3.41911363602
121.2	34.2	3.41767883301
121.5	34.2	3.41614723206
121.8	34.2	3.41589164734
122.1	34.2	3.4159386158
122.4	34.2	3.41598916054
115.5	33.9	3.41611671448
115.8	33.9	3.41628456116
116.1	33.9	3.41348266602
116.4	33.9	3.3987994194
116.7	33.9	3.37210083008
117	33.9	3.35748958588
117.3	33.9	3.36314916611
117.6	33.9	3.38332295418
117.9	33.9	3.41203141212
118.2	33.9	3.42216920853
118.5	33.9	3.4184525013
118.8	33.9	3.4193341732
119.1	33.9	3.41826462746
119.4	33.9	3.37524056435
119.7	33.9	3.2915699482
120	33.9	3.26953887939
120.3	33.9	3.32759594917
120.6	33.9	3.39168262482
120.9	33.9	3.41693902016
121.2	33.9	3.41947436333
121.5	33.9	3.41733002663
121.8	33.9	3.4162914753
122.1	33.9	3.41599416733
122.4	33.9	3.41593647003
115.5	33.6	3.41602540016
115.8	33.6	3.41626524925
116.1	33.6	3.41593408585
116.4	33.6	3.41204619408
116.7	33.6	3.40498185158
117	33.6	3.40071368217
117.3	33.6	3.39831805229
117.6	33.6	3.39951252937
117.9	33.6	3.40676403046
118.2	33.6	3.41575860977
118.5	33.6	3.42356395721
118.8	33.6	3.40189599991
119.1	33.6	3.35621166229
119.4	33.6	3.31489777565
119.7	33.6	3.26615738869
120	33.6	3.257635355
120.3	33.6	3.30854511261
120.6	33.6	3.37132644653
120.9	33.6	3.40603017807
121.2	33.6	3.41751670837
121.5	33.6	3.41791915894
121.8	33.6	3.41704010963
122.1	33.6	3.4164993763
122.4	33.6	3.41603279114
115.5	33.3	3.4160220623
115.8	33.3	3.41647577286
116.1	33.3	3.41828346252
116.4	33.3	3.42265701294
116.7	33.3	3.42999076843
117	33.3	3.43866157532
117.3	33.3	3.44247889519
117.6	33.3	3.43372583389
117.9	33.3	3.41181492805
118.2	33.3	3.40652561188
118.5	33.3	3.42237949371
118.8	33.3	3.38249468803
119.1	33.3	3.29501795769
119.4	33.3	3.2524433136
119.7	33.3	3.26053190231
120	33.3	3.29344844818
120.3	33.3	3.32416081429
120.6	33.3	3.3464550972
120.9	33.3	3.37541723251
121.2	33.3	3.40318608284
121.5	33.3	3.41280770302
121.8	33.3	3.41551136971
122.1	33.3	3.41685962677
122.4	33.3	3.41647624969
115.5	33	3.41600823402
115.8	33	3.41593742371
116.1	33	3.41649794579
116.4	33	3.4200155735
116.7	33	3.42938899994
117	33	3.44604110718
117.3	33	3.46418786049
117.6	33	3.46372318268
117.9	33	3.44121932983
118.2	33	3.43543338776
118.5	33	3.44419956207
118.8	33	3.39329051971
119.1	33	3.28970980644
119.4	33	3.23685669899
119.7	33	3.26704359055
120	33	3.32654905319
120.3	33	3.3400850296
120.6	33	3.30517888069
120.9	33	3.32060956955
121.2	33	3.37851047516
121.5	33	3.40145230293
121.8	33	3.40840005875
122.1	33	3.41492080688
122.4	33	3.41667151451
115.5	32.7	3.41598629951
115.8	32.7	3.41518640518
116.1	32.7	3.41394662857
116.4	32.7	3.41458702087
116.7	32.7	3.41770505905
117	32.7	3.42369127274
117.3	32.7	3.43847632408
117.6	32.7	3.44624781609
117.9	32.7	3.43970417976
118.2	32.7	3.44035124779
118.5	32.7	3.43941617012
118.8	32.7	3.40775537491
119.1	32.7	3.34114742279
119.4	32.7	3.30213785172
119.7	32.7	3.31381440163
120	32.7	3.34500694275
120.3	32.7	3.33049511909
120.6	32.7	3.24539613724
120.9	32.7	3.27224874496
121.2	32.7	3.38401865959
121.5	32.7	3.40644311905
121.8	32.7	3.40215802193
122.1	32.7	3.41056036949
122.4	32.7	3.41563940048
115.5	32.4	3.41576266289
115.8	32.4	3.41435980797
116.1	32.4	3.41396141052
116.4	32.4	3.41824626923
116.7	32.4	3.41747260094
117	32.4	3.39728522301
117.3	32.4	3.38829636574
117.6	32.4	3.4096364975
117.9	32.4	3.43010044098
118.2	32.4	3.43177461624
118.5	32.4	3.41334009171
118.8	32.4	3.40167236328
119.1	32.4	3.37993407249
119.4	32.4	3.36639308929
119.7	32.4	3.36034965515
120	32.4	3.34729838371
120.3	32.4	3.30320262909
120.6	32.4	3.20567822456
120.9	32.4	3.28987836838
121.2	32.4	3.46271753311
121.5	32.4	3.45406794548
121.8	32.4	3.41234636307
122.1	32.4	3.41069626808
122.4	32.4	3.41446590424
115.5	32.1	3.4149889946
115.8	32.1	3.4123942852
116.1	32.1	3.41442537308
116.4	32.1	3.42930054665
116.7	32.1	3.43183231354
117	32.1	3.37923789024
117.3	32.1	3.33062362671
117.6	32.1	3.36109161377
117.9	32.1	3.41172242165
118.2	32.1	3.4251511097
118.5	32.1	3.40508365631
118.8	32.1	3.39686107635
119.1	32.1	3.3909945488
119.4	32.1	3.38660168648
119.7	32.1	3.37911486626
120	32.1	3.36230635643
120.3	32.1	3.33758974075
120.6	32.1	3.27898144722
120.9	32.1	3.36769723892
121.2	32.1	3.51094770432
121.5	32.1	3.48193836212
121.8	32.1	3.4319357872
122.1	32.1	3.42004466057
122.4	32.1	3.41618585587
115.5	31.8	3.41390824318
115.8	31.8	3.40858721733
116.1	31.8	3.4087870121
116.4	31.8	3.43080592155
116.7	31.8	3.44777488708
117	31.8	3.39389181137
117.3	31.8	3.32355928421
117.6	31.8	3.33961129189
117.9	31.8	3.38897371292
118.2	31.8	3.41010689735
118.5	31.8	3.40850281715
118.8	31.8	3.40857195854
119.1	31.8	3.40852856636
119.4	31.8	3.39716935158
119.7	31.8	3.37843108177
120	31.8	3.37774419785
120.3	31.8	3.39423155785
120.6	31.8	3.37839436531
120.9	31.8	3.40841460228
121.2	31.8	3.46696305275
121.5	31.8	3.46443367004
121.8	31.8	3.45494389534
122.1	31.8	3.4381070137
122.4	31.8	3.42087078094
115.5	31.5	3.41392540932
115.8	31.5	3.40635800362
116.1	31.5	3.39759850502
116.4	31.5	3.40713381767
116.7	31.5	3.43125343323
117	31.5	3.41653347015
117.3	31.5	3.37820410728
117.6	31.5	3.38027358055
117.9	31.5	3.39699149132
118.2	31.5	3.3998363018
118.5	31.5	3.4022808075
118.8	31.5	3.40483784676
119.1	31.5	3.41213417053
119.4	31.5	3.40182828903
119.7	31.5	3.37357401848
120	31.5	3.37917375565
120.3	31.5	3.41554069519
120.6	31.5	3.41731214523
120.9	31.5	3.40533280373
121.2	31.5	3.41455411911
121.5	31.5	3.44344139099
121.8	31.5	3.4677593708
122.1	31.5	3.44801831245
122.4	31.5	3.42146253586
115.5	31.2	3.41526865959
115.8	31.2	3.40917682648
116.1	31.2	3.3956849575
116.4	31.2	3.38841962814
116.7	31.2	3.40547442436
117	31.2	3.42632889748
117.3	31.2	3.43240642548
117.6	31.2	3.43252849579
117.9	31.2	3.42173290253
118.2	31.2	3.40337157249
118.5	31.2	3.3958337307
118.8	31.2	3.39014077187
119.1	31.2	3.40591716766
119.4	31.2	3.41367173195
119.7	31.2	3.39139270782
120	31.2	3.38911223412
120.3	31.2	3.42091941833
120.6	31.2	3.42786550522
120.9	31.2	3.41586780548
121.2	31.2	3.42344880104
121.5	31.2	3.45557928085
121.8	31.2	3.47564458847
122.1	31.2	3.44628500938
122.4	31.2	3.4142510891
115.5	30.9	3.41635751724
115.8	30.9	3.4141228199
116.1	30.9	3.40617489815
116.4	30.9	3.39857053757
116.7	30.9	3.40965104103
117	30.9	3.43710398674
117.3	30.9	3.45371079445
117.6	30.9	3.45318937302
117.9	30.9	3.44358253479
118.2	30.9	3.43101906776
118.5	30.9	3.41919732094
118.8	30.9	3.40365433693
119.1	30.9	3.42455983162
119.4	30.9	3.44482064247
119.7	30.9	3.42646098137
120	30.9	3.41287732124
120.3	30.9	3.42885661125
120.6	30.9	3.43748879433
120.9	30.9	3.44014263153
121.2	30.9	3.45566964149
121.5	30.9	3.47893857956
121.8	30.9	3.48669624329
122.1	30.9	3.44863367081
122.4	30.9	3.41035866737
115.5	30.6	3.4163672924
115.8	30.6	3.41630220413
116.1	30.6	3.41428589821
116.4	30.6	3.41270637512
116.7	30.6	3.42194414139
117	30.6	3.44209551811
117.3	30.6	3.45328044891
117.6	30.6	3.45912003517
117.9	30.6	3.47334837914
118.2	30.6	3.48060798645
118.5	30.6	3.45690512657
118.8	30.6	3.42421197891
119.1	30.6	3.44360542297
119.4	30.6	3.4600250721
119.7	30.6	3.44065403938
120	30.6	3.43251514435
120.3	30.6	3.43648171425
120.6	30.6	3.43719577789
120.9	30.6	3.45302891731
121.2	30.6	3.47004818916
121.5	30.6	3.47599053383
121.8	30.6	3.47799563408
122.1	30.6	3.45272231102
122.4	30.6	3.41973757744
115.5	30.3	3.41608142853
115.8	30.3	3.41625452042
116.1	30.3	3.4160759449
116.4	30.3	3.41629242897
116.7	30.3	3.42065501213
117	30.3	3.42813777924
117.3	30.3	3.43236923218
117.6	30.3	3.44692730904
117.9	30.3	3.47973585129
118.2	30.3	3.48885965347
118.5	30.3	3.43580365181
118.8	30.3	3.39202308655
119.1	30.3	3.42570519447
119.4	30.3	3.44943523407
119.7	30.3	3.43827676773
120	30.3	3.45138716698
120.3	30.3	3.460978508
120.6	30.3	3.44919538498
120.9	30.3	3.46514868736
121.2	30.3	3.48348164558
121.5	30.3	3.4638967514
121.8	30.3	3.45146012306
122.1	30.3	3.4489338398
122.4	30.3	3.43326067924
115.5	30	3.41599082947
115.8	30	3.41601920128
116.1	30	3.41594004631
116.4	30	3.41587734222
116.7	30	3.41685914993
117	30	3.41791272163
117.3	30	3.41754841805
117.6	30	3.42641735077
117.9	30	3.44858527184
118.2	30	3.43966078758
118.5	30	3.37214612961
118.8	30	3.3490729332
119.1	30	3.4141190052
119.4	30	3.45535182953
119.7	30	3.44752693176
120	30	3.46387481689
120.3	30	3.48662805557
120.6	30	3.47400617599
120.9	30	3.47928476334
121.2	30	3.49648141861
121.5	30	3.47657895088
121.8	30	3.45865774155
122.1	30	3.45638537407
122.4	30	3.44030308723
115.5	29.7	3.41599941254
115.8	29.7	3.41599822044
116.1	29.7	3.41592383385
116.4	29.7	3.4157140255
116.7	29.7	3.41560959816
117	29.7	3.41525411606
117.3	29.7	3.4139316082
117.6	29.7	3.41606140137
117.9	29.7	3.4267950058
118.2	29.7	3.42989611626
118.5	29.7	3.41593766212
118.8	29.7	3.43152356148
119.1	29.7	3.48235702515
119.4	29.7	3.50342750549
119.7	29.7	3.47790789604
120	29.7	3.47390532494
120.3	29.7	3.49401402473
120.6	29.7	3.48503041267
120.9	29.7	3.48091268539
121.2	29.7	3.49610042572
121.5	29.7	3.49526047707
121.8	29.7	3.48315000534
122.1	29.7	3.46542716026
122.4	29.7	3.43819785118
115.5	29.4	3.41600131989
115.8	29.4	3.41601014137
116.1	29.4	3.41600060463
116.4	29.4	3.41589570045
116.7	29.4	3.41573643684
117	29.4	3.41547036171
117.3	29.4	3.41480135918
117.6	29.4	3.41612124443
117.9	29.4	3.4281744957
118.2	29.4	3.46005988121
118.5	29.4	3.49863982201
118.8	29.4	3.52208328247
119.1	29.4	3.53514552116
119.4	29.4	3.53403949738
119.7	29.4	3.50451850891
120	29.4	3.4915907383
120.3	29.4	3.50029993057
120.6	29.4	3.48952364922
120.9	29.4	3.48294830322
121.2	29.4	3.50116467476
121.5	29.4	3.51083016396
121.8	29.4	3.48917198181
122.1	29.4	3.45639872551
122.4	29.4	3.42822527885
115.5	29.1	3.41599917412
115.8	29.1	3.41600322723
116.1	29.1	3.416015625
116.4	29.1	3.41600418091
116.7	29.1	3.4159476757
117	29.1	3.41582369804
117.3	29.1	3.4154651165
117.6	29.1	3.41614699364
117.9	29.1	3.42583727837
118.2	29.1	3.45819401741
118.5	29.1	3.50481176376
118.8	29.1	3.52886152267
119.1	29.1	3.52696752548
119.4	29.1	3.52411103249
119.7	29.1	3.51193618774
120	29.1	3.49766087532
120.3	29.1	3.49105620384
120.6	29.1	3.48356556892
120.9	29.1	3.48671245575
121.2	29.1	3.51636075974
121.5	29.1	3.52634906769
121.8	29.1	3.48243403435
122.1	29.1	3.43970060349
122.4	29.1	3.41878604889
115.5	28.8	3.41599965096
115.8	28.8	3.4159989357
116.1	28.8	3.41600370407
116.4	28.8	3.41601228714
116.7	28.8	3.4160091877
117	28.8	3.41596007347
117.3	28.8	3.41563367844
117.6	28.8	3.41521286964
117.9	28.8	3.41899013519
118.2	28.8	3.43742418289
118.5	28.8	3.47146368027
118.8	28.8	3.49409103394
119.1	28.8	3.49233365059
119.4	28.8	3.49943327904
119.7	28.8	3.50298142433
120	28.8	3.48165726662
120.3	28.8	3.46683287621
120.6	28.8	3.47515487671
120.9	28.8	3.49230861664
121.2	28.8	3.52762770653
121.5	28.8	3.52892374992
121.8	28.8	3.46918463707
122.1	28.8	3.42643213272
122.4	28.8	3.41420412064
115.5	28.5	3.41599988937
115.8	28.5	3.41599965096
116.1	28.5	3.41599941254
116.4	28.5	3.41600251198
116.7	28.5	3.41600942612
117	28.5	3.41601085663
117.3	28.5	3.41582942009
117.6	28.5	3.4151570797
117.9	28.5	3.41564154625
118.2	28.5	3.42459702492
118.5	28.5	3.44660329819
118.8	28.5	3.46315455437
119.1	28.5	3.46090555191
119.4	28.5	3.46986675262
119.7	28.5	3.47639942169
120	28.5	3.45560574532
120.3	28.5	3.45169901848
120.6	28.5	3.48505496979
120.9	28.5	3.5154030323
121.2	28.5	3.539457798
121.5	28.5	3.5184109211
121.8	28.5	3.45276093483
122.1	28.5	3.4182908535
122.4	28.5	3.41321992874
115.5	28.2	3.41599988937
115.8	28.2	3.41599988937
116.1	28.2	3.41599965096
116.4	28.2	3.41600060463
116.7	28.2	3.41600227356
117	28.2	3.41601490974
117.3	28.2	3.41597509384
117.6	28.2	3.41552090645
117.9	28.2	3.41509819031
118.2	28.2	3.41895890236
118.5	28.2	3.43202543259
118.8	28.2	3.4427292347
119.1	28.2	3.4385972023
119.4	28.2	3.4403693676
119.7	28.2	3.44525671005
120	28.2	3.43644785881
120.3	28.2	3.45006322861
120.6	28.2	3.50113511086
120.9	28.2	3.5426003933
121.2	28.2	3.55020666122
121.5	28.2	3.5038318634
121.8	28.2	3.43889570236
122.1	28.2	3.4143204689
122.4	28.2	3.41367435455
115.5	27.9	3.41599988937
115.8	27.9	3.41599988937
116.1	27.9	3.41599988937
116.4	27.9	3.41599965096
116.7	27.9	3.41600179672
117	27.9	3.41600823402
117.3	27.9	3.4160091877
117.6	27.9	3.41580462456
117.9	27.9	3.41532373428
118.2	27.9	3.41687297821
118.5	27.9	3.42415618896
118.8	27.9	3.4309425354
119.1	27.9	3.42687249184
119.4	27.9	3.42447829247
119.7	27.9	3.42791342735
120	27.9	3.42744851112
120.3	27.9	3.44544410706
120.6	27.9	3.49405097961
120.9	27.9	3.53945112228
121.2	27.9	3.54014515877
121.5	27.9	3.48470664024
121.8	27.9	3.42923045158
122.1	27.9	3.41327524185
122.4	27.9	3.41444611549
115.5	27.6	3.41599988937
115.8	27.6	3.41599988937
116.1	27.6	3.41599988937
116.4	27.6	3.41599941254
116.7	27.6	3.41599988937
117	27.6	3.41600561142
117.3	27.6	3.41601419449
117.6	27.6	3.41592884064
117.9	27.6	3.41559267044
118.2	27.6	3.41602396965
118.5	27.6	3.41965675354
118.8	27.6	3.42411780357
119.1	27.6	3.42298316956
119.4	27.6	3.42110586166
119.7	27.6	3.42167782784
120	27.6	3.42141675949
120.3	27.6	3.4324028492
120.6	27.6	3.46488189697
120.9	27.6	3.5026640892
121.2	27.6	3.50341510773
121.5	27.6	3.45914411545
121.8	27.6	3.42183637619
122.1	27.6	3.41355323792
122.4	27.6	3.41513562202
115.5	27.3	3.41599988937
115.8	27.3	3.41599988937
116.1	27.3	3.41599988937
116.4	27.3	3.41599988937
116.7	27.3	3.41599917412
117	27.3	3.41600227356
117.3	27.3	3.41601347923
117.6	27.3	3.41598963737
117.9	27.3	3.41577887535
118.2	27.3	3.4156601429
118.5	27.3	3.41702699661
118.8	27.3	3.41943359375
119.1	27.3	3.41989588737
119.4	27.3	3.41898059845
119.7	27.3	3.41806340218
120	27.3	3.41650295258
120.3	27.3	3.42005228996
120.6	27.3	3.43567657471
120.9	27.3	3.45778656006
121.2	27.3	3.45856738091
121.5	27.3	3.43427848816
121.8	27.3	3.41652822495
122.1	27.3	3.41414642334
122.4	27.3	3.41565227509
