114	34.8	3.82597255707
114.3	34.8	3.82599616051
114.6	34.8	3.82599902153
114.9	34.8	3.82598233223
115.2	34.8	3.8260216713
115.5	34.8	3.82627105713
115.8	34.8	3.82655835152
116.1	34.8	3.82512378693
116.4	34.8	3.81774830818
116.7	34.8	3.80329990387
117	34.8	3.79272699356
117.3	34.8	3.79304981232
117.6	34.8	3.79778385162
117.9	34.8	3.79639840126
118.2	34.8	3.78839755058
118.5	34.8	3.78808307648
118.8	34.8	3.80115151405
119.1	34.8	3.81557178497
119.4	34.8	3.82127857208
119.7	34.8	3.82235145569
120	34.8	3.8247282505
120.3	34.8	3.82661557198
120.6	34.8	3.82688117027
120.9	34.8	3.82640385628
121.2	34.8	3.82606267929
121.5	34.8	3.8259704113
121.8	34.8	3.8259935379
122.1	34.8	3.82600045204
122.4	34.8	3.82599949837
114	34.5	3.82598400116
114.3	34.5	3.8259973526
114.6	34.5	3.82599282265
114.9	34.5	3.82597851753
115.2	34.5	3.8260705471
115.5	34.5	3.82649612427
115.8	34.5	3.82677674294
116.1	34.5	3.82401585579
116.4	34.5	3.81257510185
116.7	34.5	3.79093837738
117	34.5	3.77390527725
117.3	34.5	3.7720656395
117.6	34.5	3.77902793884
117.9	34.5	3.77875566483
118.2	34.5	3.76235842705
118.5	34.5	3.75526833534
118.8	34.5	3.77298903465
119.1	34.5	3.79114890099
119.4	34.5	3.7962949276
119.7	34.5	3.80319881439
120	34.5	3.81296491623
120.3	34.5	3.82165288925
120.6	34.5	3.82596182823
120.9	34.5	3.82662343979
121.2	34.5	3.82618999481
121.5	34.5	3.82602024078
121.8	34.5	3.82599663734
122.1	34.5	3.82600164413
122.4	34.5	3.82600069046
114	34.2	3.8259935379
114.3	34.2	3.82599854469
114.6	34.2	3.82599020004
114.9	34.2	3.82599925995
115.2	34.2	3.82615828514
115.5	34.2	3.82662844658
115.8	34.2	3.82657647133
116.1	34.2	3.82242631912
116.4	34.2	3.80829286575
116.7	34.2	3.78340983391
117	34.2	3.75971388817
117.3	34.2	3.75045800209
117.6	34.2	3.75794053078
117.9	34.2	3.76598310471
118.2	34.2	3.75182318687
118.5	34.2	3.74138593674
118.8	34.2	3.75448036194
119.1	34.2	3.76065516472
119.4	34.2	3.75515460968
119.7	34.2	3.76797270775
120	34.2	3.78901910782
120.3	34.2	3.80922579765
120.6	34.2	3.82185578346
120.9	34.2	3.82608175278
121.2	34.2	3.82615685463
121.5	34.2	3.82594633102
121.8	34.2	3.82598543167
122.1	34.2	3.82602095604
122.4	34.2	3.8260102272
114	33.9	3.82600045204
114.3	33.9	3.8260102272
114.6	33.9	3.82601332664
114.9	33.9	3.82602930069
115.2	33.9	3.82620596886
115.5	33.9	3.8265106678
115.8	33.9	3.82577896118
116.1	33.9	3.82057976723
116.4	33.9	3.80652093887
116.7	33.9	3.78554844856
117	33.9	3.75943207741
117.3	33.9	3.73790788651
117.6	33.9	3.73496222496
117.9	33.9	3.74392557144
118.2	33.9	3.73859071732
118.5	33.9	3.74331831932
118.8	33.9	3.76219320297
119.1	33.9	3.75776743889
119.4	33.9	3.73798537254
119.7	33.9	3.74653410912
120	33.9	3.77143502235
120.3	33.9	3.80042695999
120.6	33.9	3.82029914856
120.9	33.9	3.82685732841
121.2	33.9	3.82636737823
121.5	33.9	3.82571983337
121.8	33.9	3.82583546638
122.1	33.9	3.82598757744
122.4	33.9	3.8260307312
114	33.6	3.82602453232
114.3	33.6	3.82603406906
114.6	33.6	3.8259999752
114.9	33.6	3.82594776154
115.2	33.6	3.82600831985
115.5	33.6	3.82618999481
115.8	33.6	3.82535266876
116.1	33.6	3.8206384182
116.4	33.6	3.81073927879
116.7	33.6	3.80119776726
117	33.6	3.785125494
117.3	33.6	3.76009202003
117.6	33.6	3.7395670414
117.9	33.6	3.7276456356
118.2	33.6	3.71061873436
118.5	33.6	3.73178672791
118.8	33.6	3.77247977257
119.1	33.6	3.77408051491
119.4	33.6	3.74887943268
119.7	33.6	3.75391316414
120	33.6	3.78108334541
120.3	33.6	3.81366014481
120.6	33.6	3.83356714249
120.9	33.6	3.83470964432
121.2	33.6	3.82833957672
121.5	33.6	3.82570433617
121.8	33.6	3.82552266121
122.1	33.6	3.82581329346
122.4	33.6	3.82599020004
114	33.3	3.82604718208
114.3	33.3	3.82595252991
114.6	33.3	3.82567477226
114.9	33.3	3.82542705536
115.2	33.3	3.82536625862
115.5	33.3	3.82557201385
115.8	33.3	3.82580447197
116.1	33.3	3.82446479797
116.4	33.3	3.81988167763
116.7	33.3	3.81893372536
117	33.3	3.81597352028
117.3	33.3	3.80273294449
117.6	33.3	3.78276014328
117.9	33.3	3.75629162788
118.2	33.3	3.71714997292
118.5	33.3	3.72463726997
118.8	33.3	3.75472950935
119.1	33.3	3.74544763565
119.4	33.3	3.72115707397
119.7	33.3	3.74830412865
120	33.3	3.80414271355
120.3	33.3	3.84659576416
120.6	33.3	3.86126112938
120.9	33.3	3.8489511013
121.2	33.3	3.83109211922
121.5	33.3	3.82539272308
121.8	33.3	3.82526373863
122.1	33.3	3.82557368279
122.4	33.3	3.82577824593
114	33	3.82591104507
114.3	33	3.82547092438
114.6	33	3.82494878769
114.9	33	3.82508134842
115.2	33	3.82539010048
115.5	33	3.82503437996
115.8	33	3.82519435883
116.1	33	3.82728362083
116.4	33	3.82718706131
116.7	33	3.82388782501
117	33	3.81889247894
117.3	33	3.81372833252
117.6	33	3.80948543549
117.9	33	3.80017995834
118.2	33	3.77549648285
118.5	33	3.76086425781
118.8	33	3.73856663704
119.1	33	3.68335771561
119.4	33	3.65453362465
119.7	33	3.72072029114
120	33	3.81927227974
120.3	33	3.87113451958
120.6	33	3.87423038483
120.9	33	3.84722161293
121.2	33	3.82401657104
121.5	33	3.82282280922
121.8	33	3.82573723793
122.1	33	3.82581782341
122.4	33	3.82551622391
114	32.7	3.82547569275
114.3	32.7	3.82476043701
114.6	32.7	3.82566213608
114.9	32.7	3.83012890816
115.2	32.7	3.8336648941
115.5	32.7	3.8302936554
115.8	32.7	3.8227584362
116.1	32.7	3.81983399391
116.4	32.7	3.81938433647
116.7	32.7	3.8160777092
117	32.7	3.81324720383
117.3	32.7	3.8143723011
117.6	32.7	3.8104391098
117.9	32.7	3.7941160202
118.2	32.7	3.78321290016
118.5	32.7	3.77766299248
118.8	32.7	3.7475130558
119.1	32.7	3.68064141273
119.4	32.7	3.65292859077
119.7	32.7	3.73627901077
120	32.7	3.84779572487
120.3	32.7	3.87095713615
120.6	32.7	3.83823823929
120.9	32.7	3.8034183979
121.2	32.7	3.80032658577
121.5	32.7	3.82210326195
121.8	32.7	3.83117389679
122.1	32.7	3.82878518105
122.4	32.7	3.82583212852
114	32.4	3.82497882843
114.3	32.4	3.82552552223
114.6	32.4	3.83263540268
114.9	32.4	3.8512032032
115.2	32.4	3.86688947678
115.5	32.4	3.85851621628
115.8	32.4	3.82904291153
116.1	32.4	3.80611133575
116.4	32.4	3.79797959328
116.7	32.4	3.79387640953
117	32.4	3.79612231255
117.3	32.4	3.80977249146
117.6	32.4	3.81064629555
117.9	32.4	3.77581381798
118.2	32.4	3.75063180923
118.5	32.4	3.75771331787
118.8	32.4	3.75768899918
119.1	32.4	3.72503733635
119.4	32.4	3.71741366386
119.7	32.4	3.79508304596
120	32.4	3.88488984108
120.3	32.4	3.86242437363
120.6	32.4	3.78799438477
120.9	32.4	3.75871706009
121.2	32.4	3.79511785507
121.5	32.4	3.84234952927
121.8	32.4	3.84961414337
122.1	32.4	3.83718061447
122.4	32.4	3.82788848877
114	32.1	3.82506728172
114.3	32.1	3.82814955711
114.6	32.1	3.8453514576
114.9	32.1	3.88592195511
115.2	32.1	3.92413663864
115.5	32.1	3.9151365757
115.8	32.1	3.85487556458
116.1	32.1	3.7993824482
116.4	32.1	3.78320980072
116.7	32.1	3.77325034142
117	32.1	3.76272821426
117.3	32.1	3.77115082741
117.6	32.1	3.78187465668
117.9	32.1	3.75828075409
118.2	32.1	3.73291063309
118.5	32.1	3.73850512505
118.8	32.1	3.73295068741
119.1	32.1	3.71281051636
119.4	32.1	3.72662425041
119.7	32.1	3.79328918457
120	32.1	3.85349774361
120.3	32.1	3.8242623806
120.6	32.1	3.76711249352
120.9	32.1	3.76342892647
121.2	32.1	3.81476378441
121.5	32.1	3.86141085625
121.8	32.1	3.8640460968
122.1	32.1	3.84549689293
122.4	32.1	3.83112859726
114	31.8	3.8251414299
114.3	31.8	3.82861638069
114.6	31.8	3.8468914032
114.9	31.8	3.8921380043
115.2	31.8	3.94221282005
115.5	31.8	3.94247126579
115.8	31.8	3.87394928932
116.1	31.8	3.80360770226
116.4	31.8	3.79370522499
116.7	31.8	3.78753566742
117	31.8	3.76131844521
117.3	31.8	3.74695372581
117.6	31.8	3.75592684746
117.9	31.8	3.76159524918
118.2	31.8	3.76440382004
118.5	31.8	3.7792942524
118.8	31.8	3.75919508934
119.1	31.8	3.73022460938
119.4	31.8	3.74012136459
119.7	31.8	3.76988339424
120	31.8	3.77819108963
120.3	31.8	3.75265288353
120.6	31.8	3.73915672302
120.9	31.8	3.75165390968
121.2	31.8	3.78316664696
121.5	31.8	3.82422494888
121.8	31.8	3.85187864304
122.1	31.8	3.8463742733
122.4	31.8	3.83344578743
114	31.5	3.82521343231
114.3	31.5	3.82547211647
114.6	31.5	3.83153963089
114.9	31.5	3.85201740265
115.2	31.5	3.88526439667
115.5	31.5	3.90036940575
115.8	31.5	3.86761927605
116.1	31.5	3.81838464737
116.4	31.5	3.81517386436
116.7	31.5	3.82198214531
117	31.5	3.81093192101
117.3	31.5	3.79358839989
117.6	31.5	3.78881311417
117.9	31.5	3.79819631577
118.2	31.5	3.80966258049
118.5	31.5	3.8207886219
118.8	31.5	3.80049324036
119.1	31.5	3.78449726105
119.4	31.5	3.79532933235
119.7	31.5	3.78902173042
120	31.5	3.75412321091
120.3	31.5	3.73427915573
120.6	31.5	3.73821878433
120.9	31.5	3.7323076725
121.2	31.5	3.72897982597
121.5	31.5	3.7691848278
121.8	31.5	3.82835412025
122.1	31.5	3.83652663231
122.4	31.5	3.82730126381
114	31.2	3.82564711571
114.3	31.2	3.82262349129
114.6	31.2	3.81429624557
114.9	31.2	3.80164170265
115.2	31.2	3.80236530304
115.5	31.2	3.82408237457
115.8	31.2	3.84313678741
116.1	31.2	3.8375389576
116.4	31.2	3.83113598824
116.7	31.2	3.8387260437
117	31.2	3.84780693054
117.3	31.2	3.83984208107
117.6	31.2	3.8209195137
117.9	31.2	3.81412696838
118.2	31.2	3.81841993332
118.5	31.2	3.82246184349
118.8	31.2	3.81020951271
119.1	31.2	3.81317090988
119.4	31.2	3.82625627518
119.7	31.2	3.80134344101
120	31.2	3.76549196243
120.3	31.2	3.78118371964
120.6	31.2	3.79979634285
120.9	31.2	3.77938747406
121.2	31.2	3.75852584839
121.5	31.2	3.78682279587
121.8	31.2	3.83033680916
122.1	31.2	3.81860256195
122.4	31.2	3.80542516708
114	30.9	3.82638120651
114.3	30.9	3.82359266281
114.6	30.9	3.81160521507
114.9	30.9	3.78718495369
115.2	30.9	3.77054238319
115.5	30.9	3.78391933441
115.8	30.9	3.81665110588
116.1	30.9	3.83289027214
116.4	30.9	3.82569503784
116.7	30.9	3.83078551292
117	30.9	3.84037637711
117.3	30.9	3.83200263977
117.6	30.9	3.81276035309
117.9	30.9	3.80481314659
118.2	30.9	3.81322693825
118.5	30.9	3.82939338684
118.8	30.9	3.83051228523
119.1	30.9	3.83125066757
119.4	30.9	3.82098269463
119.7	30.9	3.77256155014
120	30.9	3.74072647095
120.3	30.9	3.78279733658
120.6	30.9	3.82019877434
120.9	30.9	3.82142972946
121.2	30.9	3.82390737534
121.5	30.9	3.84560322762
121.8	30.9	3.84657788277
122.1	30.9	3.79962778091
122.4	30.9	3.77872133255
114	30.6	3.82680344582
114.3	30.6	3.8260602951
114.6	30.6	3.8197658062
114.9	30.6	3.80552601814
115.2	30.6	3.79611968994
115.5	30.6	3.80143404007
115.8	30.6	3.81065440178
116.1	30.6	3.8084628582
116.4	30.6	3.80323219299
116.7	30.6	3.81789207458
117	30.6	3.82940721512
117.3	30.6	3.82394886017
117.6	30.6	3.81931257248
117.9	30.6	3.82501339912
118.2	30.6	3.8335723877
118.5	30.6	3.8414876461
118.8	30.6	3.84017634392
119.1	30.6	3.83662962914
119.4	30.6	3.81649589539
119.7	30.6	3.76486730576
120	30.6	3.73175883293
120.3	30.6	3.75719308853
120.6	30.6	3.78235673904
120.9	30.6	3.80449819565
121.2	30.6	3.83821845055
121.5	30.6	3.85512447357
121.8	30.6	3.82595205307
122.1	30.6	3.78065919876
122.4	30.6	3.7700419426
114	30.3	3.82629370689
114.3	30.3	3.82590460777
114.6	30.3	3.82281970978
114.9	30.3	3.81735181808
115.2	30.3	3.82085180283
115.5	30.3	3.83263373375
115.8	30.3	3.83197236061
116.1	30.3	3.81227135658
116.4	30.3	3.80070471764
116.7	30.3	3.81154608727
117	30.3	3.82588219643
117.3	30.3	3.83429932594
117.6	30.3	3.84403133392
117.9	30.3	3.85261893272
118.2	30.3	3.84719967842
118.5	30.3	3.81392288208
118.8	30.3	3.79047894478
119.1	30.3	3.80133700371
119.4	30.3	3.8133854866
119.7	30.3	3.79810547829
120	30.3	3.79363036156
120.3	30.3	3.81529927254
120.6	30.3	3.81251859665
120.9	30.3	3.82287502289
121.2	30.3	3.84872770309
121.5	30.3	3.83023381233
121.8	30.3	3.77618694305
122.1	30.3	3.7687048912
122.4	30.3	3.78688168526
114	30	3.82583975792
114.3	30	3.82493305206
114.6	30	3.82251572609
114.9	30	3.82141852379
115.2	30	3.83372354507
115.5	30	3.85461187363
115.8	30	3.85693597794
116.1	30	3.8319811821
116.4	30	3.80876994133
116.7	30	3.79990243912
117	30	3.81571578979
117.3	30	3.85262346268
117.6	30	3.88003635406
117.9	30	3.86958932877
118.2	30	3.83063077927
118.5	30	3.76892733574
118.8	30	3.75574660301
119.1	30	3.79940485954
119.4	30	3.82831263542
119.7	30	3.81638050079
120	30	3.82774305344
120.3	30	3.85558390617
120.6	30	3.82018184662
120.9	30	3.79987192154
121.2	30	3.81542205811
121.5	30	3.79563188553
121.8	30	3.76107168198
122.1	30	3.78809332848
122.4	30	3.81653308868
114	29.7	3.82592558861
114.3	29.7	3.82527375221
114.6	29.7	3.82412743568
114.9	29.7	3.82704281807
115.2	29.7	3.84702324867
115.5	29.7	3.87865138054
115.8	29.7	3.88928151131
116.1	29.7	3.86014938354
116.4	29.7	3.81933116913
116.7	29.7	3.78718972206
117	29.7	3.79392957687
117.3	29.7	3.84745717049
117.6	29.7	3.89300298691
117.9	29.7	3.86983895302
118.2	29.7	3.8146584034
118.5	29.7	3.77526426315
118.8	29.7	3.80052137375
119.1	29.7	3.84378910065
119.4	29.7	3.84316587448
119.7	29.7	3.83341622353
120	29.7	3.87543511391
120.3	29.7	3.89535093307
120.6	29.7	3.81294465065
120.9	29.7	3.75692677498
121.2	29.7	3.77044439316
121.5	29.7	3.77537322044
121.8	29.7	3.77717280388
122.1	29.7	3.81506562233
122.4	29.7	3.83503389359
114	29.4	3.82611036301
114.3	29.4	3.82537317276
114.6	29.4	3.82309603691
114.9	29.4	3.82185649872
115.2	29.4	3.83466100693
115.5	29.4	3.86129426956
115.8	29.4	3.87457704544
116.1	29.4	3.85428833961
116.4	29.4	3.82446885109
116.7	29.4	3.79711079597
117	29.4	3.7897875309
117.3	29.4	3.81785702705
117.6	29.4	3.84920287132
117.9	29.4	3.8335006237
118.2	29.4	3.80563282967
118.5	29.4	3.8152923584
118.8	29.4	3.85324597359
119.1	29.4	3.84461903572
119.4	29.4	3.81097579002
119.7	29.4	3.84720110893
120	29.4	3.91643023491
120.3	29.4	3.91269683838
120.6	29.4	3.82411885262
120.9	29.4	3.77410173416
121.2	29.4	3.78537082672
121.5	29.4	3.79447221756
121.8	29.4	3.80531907082
122.1	29.4	3.82897210121
122.4	29.4	3.83626794815
114	29.1	3.82622528076
114.3	29.1	3.82523226738
114.6	29.1	3.82064127922
114.9	29.1	3.81245136261
115.2	29.1	3.81252336502
115.5	29.1	3.82602381706
115.8	29.1	3.8367125988
116.1	29.1	3.83186793327
116.4	29.1	3.83275318146
116.7	29.1	3.83509659767
117	29.1	3.8222193718
117.3	29.1	3.80518865585
117.6	29.1	3.79880976677
117.9	29.1	3.79310131073
118.2	29.1	3.79454112053
118.5	29.1	3.82640910149
118.8	29.1	3.85033893585
119.1	29.1	3.81520318985
119.4	29.1	3.80299377441
119.7	29.1	3.87730073929
120	29.1	3.89103317261
120.3	29.1	3.83648705482
120.6	29.1	3.7879178524
120.9	29.1	3.78733992577
121.2	29.1	3.81563210487
121.5	29.1	3.83710289001
121.8	29.1	3.84258627892
122.1	29.1	3.84065365791
122.4	29.1	3.83387422562
114	28.8	3.8262321949
114.3	28.8	3.82513213158
114.6	28.8	3.82018947601
114.9	28.8	3.81036806107
115.2	28.8	3.8071975708
115.5	28.8	3.81840801239
115.8	28.8	3.83252334595
116.1	28.8	3.83896946907
116.4	28.8	3.8549990654
116.7	28.8	3.8742389679
117	28.8	3.8676276207
117.3	28.8	3.83482694626
117.6	28.8	3.80644488335
117.9	28.8	3.79815483093
118.2	28.8	3.79972815514
118.5	28.8	3.81731581688
118.8	28.8	3.8223233223
119.1	28.8	3.8116209507
119.4	28.8	3.85112857819
119.7	28.8	3.91343402863
120	28.8	3.84052824974
120.3	28.8	3.75217533112
120.6	28.8	3.74629020691
120.9	28.8	3.77273464203
121.2	28.8	3.80748224258
121.5	28.8	3.85092139244
121.8	28.8	3.85911107063
122.1	28.8	3.84498929977
122.4	28.8	3.83176898956
114	28.5	3.82614922523
114.3	28.5	3.82555747032
114.6	28.5	3.82308697701
114.9	28.5	3.81999778748
115.2	28.5	3.82684850693
115.5	28.5	3.84644508362
115.8	28.5	3.86133790016
116.1	28.5	3.85713458061
116.4	28.5	3.85297942162
116.7	28.5	3.85649561882
117	28.5	3.85837864876
117.3	28.5	3.84776639938
117.6	28.5	3.8288769722
117.9	28.5	3.8145430088
118.2	28.5	3.80464482307
118.5	28.5	3.80399537086
118.8	28.5	3.80956578255
119.1	28.5	3.84005308151
119.4	28.5	3.89768266678
119.7	28.5	3.907153368
120	28.5	3.80768752098
120.3	28.5	3.75314807892
120.6	28.5	3.79003715515
120.9	28.5	3.80311608315
121.2	28.5	3.80300140381
121.5	28.5	3.84187674522
121.8	28.5	3.85196614265
122.1	28.5	3.83965778351
122.4	28.5	3.82894611359
114	28.2	3.8260345459
114.3	28.2	3.82593512535
114.6	28.2	3.82590866089
114.9	28.2	3.82916474342
115.2	28.2	3.84338784218
115.5	28.2	3.86465716362
115.8	28.2	3.87130117416
116.1	28.2	3.84997558594
116.4	28.2	3.82254958153
116.7	28.2	3.80581498146
117	28.2	3.81011724472
117.3	28.2	3.8237183094
117.6	28.2	3.82663249969
117.9	28.2	3.81672930717
118.2	28.2	3.80233168602
118.5	28.2	3.79574942589
118.8	28.2	3.82011318207
119.1	28.2	3.87592053413
119.4	28.2	3.91203379631
119.7	28.2	3.87738466263
120	28.2	3.81185245514
120.3	28.2	3.81797742844
120.6	28.2	3.8803999424
120.9	28.2	3.86778974533
121.2	28.2	3.82429647446
121.5	28.2	3.83753991127
121.8	28.2	3.84127449989
122.1	28.2	3.83300280571
122.4	28.2	3.82683110237
114	27.9	3.8259563446
114.3	27.9	3.82580685616
114.6	27.9	3.82604026794
114.9	27.9	3.8288295269
115.2	27.9	3.8383538723
115.5	27.9	3.85038304329
115.8	27.9	3.85009002686
116.1	27.9	3.83037567139
116.4	27.9	3.80676007271
116.7	27.9	3.79072284698
117	27.9	3.79338288307
117.3	27.9	3.80975556374
117.6	27.9	3.82250499725
117.9	27.9	3.82204627991
118.2	27.9	3.81094121933
118.5	27.9	3.80769014359
118.8	27.9	3.84410834312
119.1	27.9	3.89693236351
119.4	27.9	3.90649056435
119.7	27.9	3.86391377449
120	27.9	3.83530378342
120.3	27.9	3.86115694046
120.6	27.9	3.9047036171
120.9	27.9	3.87634468079
121.2	27.9	3.82770681381
121.5	27.9	3.83097624779
121.8	27.9	3.83273720741
122.1	27.9	3.8288230896
122.4	27.9	3.82604980469
114	27.6	3.82596492767
114.3	27.6	3.82582330704
114.6	27.6	3.82556915283
114.9	27.6	3.8262450695
115.2	27.6	3.82941675186
115.5	27.6	3.83335781097
115.8	27.6	3.8323264122
116.1	27.6	3.82360029221
116.4	27.6	3.81410861015
116.7	27.6	3.80772280693
117	27.6	3.80914282799
117.3	27.6	3.81750965118
117.6	27.6	3.82578086853
117.9	27.6	3.82785820961
118.2	27.6	3.82366013527
118.5	27.6	3.82701039314
118.8	27.6	3.85636472702
119.1	27.6	3.88699531555
119.4	27.6	3.88237738609
119.7	27.6	3.85151433945
120	27.6	3.83787584305
120.3	27.6	3.85005617142
120.6	27.6	3.86022877693
120.9	27.6	3.8341524601
121.2	27.6	3.8095908165
121.5	27.6	3.81928396225
121.8	27.6	3.82600665092
122.1	27.6	3.82648229599
122.4	27.6	3.82587885857
114	27.3	3.82601308823
114.3	27.3	3.82593941689
114.6	27.3	3.82573747635
114.9	27.3	3.82552266121
115.2	27.3	3.82594680786
115.5	27.3	3.82675862312
115.8	27.3	3.82647418976
116.1	27.3	3.8246588707
116.4	27.3	3.82295513153
116.7	27.3	3.82183265686
117	27.3	3.82223176956
117.3	27.3	3.82453942299
117.6	27.3	3.82716965675
117.9	27.3	3.82775235176
118.2	27.3	3.8265402317
118.5	27.3	3.82911086082
118.8	27.3	3.84277915955
119.1	27.3	3.85441422462
119.4	27.3	3.84932875633
119.7	27.3	3.83529257774
120	27.3	3.82992768288
120.3	27.3	3.83296871185
120.6	27.3	3.83135771751
120.9	27.3	3.81720256805
121.2	27.3	3.80969071388
121.5	27.3	3.81878685951
121.8	27.3	3.82480406761
122.1	27.3	3.82607245445
122.4	27.3	3.82600665092
