115.5	34.8	3.30347824097
115.8	34.8	3.30423545837
116.1	34.8	3.30250787735
116.4	34.8	3.28170800209
116.7	34.8	3.22859740257
117	34.8	3.18989944458
117.3	34.8	3.2188243866
117.6	34.8	3.26142477989
117.9	34.8	3.28010582924
118.2	34.8	3.28880500793
118.5	34.8	3.31144571304
118.8	34.8	3.3468413353
119.1	34.8	3.36355924606
119.4	34.8	3.33878302574
119.7	34.8	3.3086180687
120	34.8	3.30121350288
120.3	34.8	3.3035364151
120.6	34.8	3.30442380905
120.9	34.8	3.30353975296
121.2	34.8	3.30294132233
121.5	34.8	3.30292320251
121.8	34.8	3.30299901962
122.1	34.8	3.30300331116
122.4	34.8	3.3029999733
115.5	34.5	3.30334115028
115.8	34.5	3.30426716805
116.1	34.5	3.30059170723
116.4	34.5	3.27237248421
116.7	34.5	3.20771861076
117	34.5	3.16414093971
117.3	34.5	3.20058846474
117.6	34.5	3.25584220886
117.9	34.5	3.27908301353
118.2	34.5	3.28194093704
118.5	34.5	3.30253148079
118.8	34.5	3.35099434853
119.1	34.5	3.38509058952
119.4	34.5	3.35512566566
119.7	34.5	3.30533313751
120	34.5	3.29016757011
120.3	34.5	3.29707479477
120.6	34.5	3.30402445793
120.9	34.5	3.30477285385
121.2	34.5	3.30343127251
121.5	34.5	3.3028857708
121.8	34.5	3.3029460907
122.1	34.5	3.30300283432
122.4	34.5	3.30300140381
115.5	34.2	3.30330228806
115.8	34.2	3.30382633209
116.1	34.2	3.29941678047
116.4	34.2	3.274944067
116.7	34.2	3.22652435303
117	34.2	3.19843149185
117.3	34.2	3.22753882408
117.6	34.2	3.27488684654
117.9	34.2	3.29858970642
118.2	34.2	3.29146337509
118.5	34.2	3.29187679291
118.8	34.2	3.33122682571
119.1	34.2	3.36703658104
119.4	34.2	3.33391499519
119.7	34.2	3.27284812927
120	34.2	3.25311636925
120.3	34.2	3.27174115181
120.6	34.2	3.29600358009
120.9	34.2	3.30526041985
121.2	34.2	3.30477166176
121.5	34.2	3.30318808556
121.8	34.2	3.30289459229
122.1	34.2	3.30297803879
122.4	34.2	3.3029999733
115.5	33.9	3.3032348156
115.8	33.9	3.30310916901
116.1	33.9	3.29916858673
116.4	33.9	3.28530430794
116.7	33.9	3.26414942741
117	33.9	3.25369787216
117.3	33.9	3.26564908028
117.6	33.9	3.29145264626
117.9	33.9	3.31009888649
118.2	33.9	3.30195093155
118.5	33.9	3.28961825371
118.8	33.9	3.30486631393
119.1	33.9	3.31268954277
119.4	33.9	3.26837062836
119.7	33.9	3.20884490013
120	33.9	3.19460344315
120.3	33.9	3.22833895683
120.6	33.9	3.27571702003
120.9	33.9	3.30111885071
121.2	33.9	3.30622267723
121.5	33.9	3.30420207977
121.8	33.9	3.30302000046
122.1	33.9	3.30297851562
122.4	33.9	3.30299568176
115.5	33.6	3.30318212509
115.8	33.6	3.3024148941
116.1	33.6	3.29949450493
116.4	33.6	3.2966105938
116.7	33.6	3.29790353775
117	33.6	3.29852676392
117.3	33.6	3.29804587364
117.6	33.6	3.29990100861
117.9	33.6	3.29680132866
118.2	33.6	3.29037117958
118.5	33.6	3.29158902168
118.8	33.6	3.28407549858
119.1	33.6	3.24473643303
119.4	33.6	3.18656206131
119.7	33.6	3.14520049095
120	33.6	3.15128159523
120.3	33.6	3.19135832787
120.6	33.6	3.24407339096
120.9	33.6	3.28486847878
121.2	33.6	3.30392003059
121.5	33.6	3.30520486832
121.8	33.6	3.30330872536
122.1	33.6	3.30305171013
122.4	33.6	3.30304455757
115.5	33.3	3.30305838585
115.8	33.3	3.30124163628
116.1	33.3	3.29805231094
116.4	33.3	3.30186367035
116.7	33.3	3.31733107567
117	33.3	3.33149528503
117.3	33.3	3.33515548706
117.6	33.3	3.32315373421
117.9	33.3	3.29665398598
118.2	33.3	3.28804421425
118.5	33.3	3.30497598648
118.8	33.3	3.27152943611
119.1	33.3	3.18324828148
119.4	33.3	3.11814212799
119.7	33.3	3.10636949539
120	33.3	3.13915681839
120.3	33.3	3.17171120644
120.6	33.3	3.19774580002
120.9	33.3	3.24627280235
121.2	33.3	3.29258108139
121.5	33.3	3.30409502983
121.8	33.3	3.30276632309
122.1	33.3	3.30286812782
122.4	33.3	3.30314016342
115.5	33	3.30263805389
115.8	33	3.29896593094
116.1	33	3.29363036156
116.4	33	3.2982673645
116.7	33	3.31768059731
117	33	3.34151983261
117.3	33	3.35767865181
117.6	33	3.3504781723
117.9	33	3.32802629471
118.2	33	3.32602834702
118.5	33	3.33701014519
118.8	33	3.28078818321
119.1	33	3.16921710968
119.4	33	3.10134530067
119.7	33	3.09775805473
120	33	3.13420581818
120.3	33	3.15087461472
120.6	33	3.13375425339
120.9	33	3.18846917152
121.2	33	3.27941131592
121.5	33	3.30292797089
121.8	33	3.30004549026
122.1	33	3.30159711838
122.4	33	3.30294418335
115.5	32.7	3.3019220829
115.8	32.7	3.29679107666
116.1	32.7	3.29156374931
116.4	32.7	3.29813122749
116.7	32.7	3.31247639656
117	32.7	3.32304382324
117.3	32.7	3.33284330368
117.6	32.7	3.33631920815
117.9	32.7	3.33483290672
118.2	32.7	3.33716702461
118.5	32.7	3.32878494263
118.8	32.7	3.28464746475
119.1	32.7	3.21311831474
119.4	32.7	3.17236590385
119.7	32.7	3.15234541893
120	32.7	3.1511824131
120.3	32.7	3.13921499252
120.6	32.7	3.07608509064
120.9	32.7	3.1507024765
121.2	32.7	3.29983973503
121.5	32.7	3.31625199318
121.8	32.7	3.29793977737
122.1	32.7	3.29927444458
122.4	32.7	3.30214619637
115.5	32.4	3.30101108551
115.8	32.4	3.29568696022
116.1	32.4	3.29529166222
116.4	32.4	3.31027078629
116.7	32.4	3.31867218018
117	32.4	3.29508638382
117.3	32.4	3.27729845047
117.6	32.4	3.30124402046
117.9	32.4	3.33257484436
118.2	32.4	3.33392262459
118.5	32.4	3.30147171021
118.8	32.4	3.27666711807
119.1	32.4	3.25625681877
119.4	32.4	3.25149250031
119.7	32.4	3.22269940376
120	32.4	3.17737627029
120.3	32.4	3.13431453705
120.6	32.4	3.05307102203
120.9	32.4	3.1761534214
121.2	32.4	3.37448644638
121.5	32.4	3.35371041298
121.8	32.4	3.30373191833
122.1	32.4	3.29956102371
122.4	32.4	3.30155110359
115.5	32.1	3.30020213127
115.8	32.1	3.29548215866
116.1	32.1	3.3018424511
116.4	32.1	3.32968878746
116.7	32.1	3.33749294281
117	32.1	3.273645401
117.3	32.1	3.21556377411
117.6	32.1	3.25617337227
117.9	32.1	3.31899380684
118.2	32.1	3.32801532745
118.5	32.1	3.29537415504
118.8	32.1	3.28039526939
119.1	32.1	3.27541542053
119.4	32.1	3.2745141983
119.7	32.1	3.25282692909
120	32.1	3.21992540359
120.3	32.1	3.20168399811
120.6	32.1	3.15430903435
120.9	32.1	3.25854229927
121.2	32.1	3.40446138382
121.5	32.1	3.36408638954
121.8	32.1	3.315513134
122.1	32.1	3.30690979958
122.4	32.1	3.30304074287
115.5	31.8	3.300157547
115.8	31.8	3.29567861557
116.1	31.8	3.30326390266
116.4	31.8	3.3369910717
116.7	31.8	3.355001688
117	31.8	3.28873944283
117.3	31.8	3.2122092247
117.6	31.8	3.23906445503
117.9	31.8	3.29453587532
118.2	31.8	3.3049955368
118.5	31.8	3.29467225075
118.8	31.8	3.29538393021
119.1	31.8	3.29482007027
119.4	31.8	3.27666521072
119.7	31.8	3.24591159821
120	31.8	3.24882650375
120.3	31.8	3.28274416924
120.6	31.8	3.27691459656
120.9	31.8	3.30564665794
121.2	31.8	3.35399675369
121.5	31.8	3.34719753265
121.8	31.8	3.33891868591
122.1	31.8	3.32312607765
122.4	31.8	3.30706930161
115.5	31.5	3.30135893822
115.8	31.5	3.29720425606
116.1	31.5	3.29763913155
116.4	31.5	3.31645750999
116.7	31.5	3.33880162239
117	31.5	3.31578445435
117.3	31.5	3.27431178093
117.6	31.5	3.27888989449
117.9	31.5	3.29271197319
118.2	31.5	3.28333616257
118.5	31.5	3.28251099586
118.8	31.5	3.29208111763
119.1	31.5	3.30136156082
119.4	31.5	3.28425502777
119.7	31.5	3.24692344666
120	31.5	3.26239109039
120.3	31.5	3.31275653839
120.6	31.5	3.32064580917
120.9	31.5	3.30186700821
121.2	31.5	3.30563426018
121.5	31.5	3.33688664436
121.8	31.5	3.35488462448
122.1	31.5	3.33156180382
122.4	31.5	3.3065841198
115.5	31.2	3.30280017853
115.8	31.2	3.30020785332
116.1	31.2	3.29527926445
116.4	31.2	3.29677867889
116.7	31.2	3.31474065781
117	31.2	3.33299565315
117.3	31.2	3.33621883392
117.6	31.2	3.33099985123
117.9	31.2	3.3131172657
118.2	31.2	3.2828335762
118.5	31.2	3.27142953873
118.8	31.2	3.27342963219
119.1	31.2	3.29388952255
119.4	31.2	3.30211377144
119.7	31.2	3.2790081501
120	31.2	3.28270483017
120.3	31.2	3.31039333344
120.6	31.2	3.31328344345
120.9	31.2	3.30216574669
121.2	31.2	3.31642127037
121.5	31.2	3.35183143616
121.8	31.2	3.36281037331
122.1	31.2	3.33056402206
122.4	31.2	3.29994392395
115.5	30.9	3.3032772541
115.8	30.9	3.30262923241
116.1	30.9	3.29987931252
116.4	30.9	3.30055904388
116.7	30.9	3.31876683235
117	30.9	3.35014009476
117.3	30.9	3.36401700974
117.6	30.9	3.35594010353
117.9	30.9	3.34034633636
118.2	30.9	3.31604933739
118.5	30.9	3.29545760155
118.8	30.9	3.28433275223
119.1	30.9	3.3100810051
119.4	30.9	3.33254504204
119.7	30.9	3.31979250908
120	30.9	3.31120848656
120.3	30.9	3.31065297127
120.6	30.9	3.30860900879
120.9	30.9	3.32181549072
121.2	30.9	3.34745383263
121.5	30.9	3.36902594566
121.8	30.9	3.37227010727
122.1	30.9	3.3379509449
122.4	30.9	3.3006465435
115.5	30.6	3.30307364464
115.8	30.6	3.30312013626
116.1	30.6	3.30292463303
116.4	30.6	3.30646204948
116.7	30.6	3.32446694374
117	30.6	3.35294175148
117.3	30.6	3.36402320862
117.6	30.6	3.36308598518
117.9	30.6	3.37282633781
118.2	30.6	3.37281322479
118.5	30.6	3.34435725212
118.8	30.6	3.31993365288
119.1	30.6	3.34436440468
119.4	30.6	3.35648083687
119.7	30.6	3.34095025063
120	30.6	3.33750557899
120.3	30.6	3.32485508919
120.6	30.6	3.31840324402
120.9	30.6	3.33740973473
121.2	30.6	3.35448431969
121.5	30.6	3.35868883133
121.8	30.6	3.36430597305
122.1	30.6	3.34894323349
122.4	30.6	3.31618404388
115.5	30.3	3.30292749405
115.8	30.3	3.3028318882
116.1	30.3	3.30272674561
116.4	30.3	3.3047542572
116.7	30.3	3.31432914734
117	30.3	3.32920193672
117.3	30.3	3.3369011879
117.6	30.3	3.3496556282
117.9	30.3	3.3800342083
118.2	30.3	3.38549733162
118.5	30.3	3.33379936218
118.8	30.3	3.30414056778
119.1	30.3	3.34272813797
119.4	30.3	3.35725569725
119.7	30.3	3.3452129364
120	30.3	3.35815024376
120.3	30.3	3.35577774048
120.6	30.3	3.3389518261
120.9	30.3	3.34558868408
121.2	30.3	3.35604906082
121.5	30.3	3.34827017784
121.8	30.3	3.34557271004
122.1	30.3	3.34788584709
122.4	30.3	3.33070254326
115.5	30	3.3029859066
115.8	30	3.30284643173
116.1	30	3.30246710777
116.4	30	3.3025033474
116.7	30	3.30529904366
117	30	3.31062865257
117.3	30	3.31547164917
117.6	30	3.32818555832
117.9	30	3.35161542892
118.2	30	3.34080219269
118.5	30	3.27507758141
118.8	30	3.26087760925
119.1	30	3.32537221909
119.4	30	3.3596777916
119.7	30	3.35446810722
120	30	3.37433743477
120.3	30	3.38887262344
120.6	30	3.36873626709
120.9	30	3.3590862751
121.2	30	3.37250804901
121.5	30	3.3724937439
121.8	30	3.35927844048
122.1	30	3.35062718391
122.4	30	3.33112549782
115.5	29.7	3.30302524567
115.8	29.7	3.30299830437
116.1	29.7	3.30275011063
116.4	29.7	3.30226397514
116.7	29.7	3.30230307579
117	29.7	3.30347514153
117.3	29.7	3.30572009087
117.6	29.7	3.31297969818
117.9	29.7	3.32825922966
118.2	29.7	3.33377194405
118.5	29.7	3.32243013382
118.8	29.7	3.33924055099
119.1	29.7	3.38488554955
119.4	29.7	3.40324425697
119.7	29.7	3.38171243668
120	29.7	3.37858819962
120.3	29.7	3.39098501205
120.6	29.7	3.37764191628
120.9	29.7	3.36565899849
121.2	29.7	3.38298845291
121.5	29.7	3.39863348007
121.8	29.7	3.38568043709
122.1	29.7	3.35726499557
122.4	29.7	3.32567429543
115.5	29.4	3.30300807953
115.8	29.4	3.30303692818
116.1	29.4	3.30300068855
116.4	29.4	3.30273461342
116.7	29.4	3.30234241486
117	29.4	3.30220246315
117.3	29.4	3.30285644531
117.6	29.4	3.30749630928
117.9	29.4	3.32466030121
118.2	29.4	3.36225748062
118.5	29.4	3.4048166275
118.8	29.4	3.42556452751
119.1	29.4	3.43193721771
119.4	29.4	3.42874073982
119.7	29.4	3.40165877342
120	29.4	3.38498067856
120.3	29.4	3.38833069801
120.6	29.4	3.38009691238
120.9	29.4	3.37095117569
121.2	29.4	3.39150857925
121.5	29.4	3.40985941887
121.8	29.4	3.38794589043
122.1	29.4	3.34763383865
122.4	29.4	3.31541132927
115.5	29.1	3.30299758911
115.8	29.1	3.30300998688
116.1	29.1	3.30304002762
116.4	29.1	3.30300235748
116.7	29.1	3.30280995369
117	29.1	3.30248713493
117.3	29.1	3.30222558975
117.6	29.1	3.30413246155
117.9	29.1	3.31705498695
118.2	29.1	3.35460519791
118.5	29.1	3.40565824509
118.8	29.1	3.42887115479
119.1	29.1	3.42188358307
119.4	29.1	3.41589426994
119.7	29.1	3.40589952469
120	29.1	3.3877184391
120.3	29.1	3.37938785553
120.6	29.1	3.37659692764
120.9	29.1	3.37764692307
121.2	29.1	3.4055390358
121.5	29.1	3.4169459343
121.8	29.1	3.37524676323
122.1	29.1	3.32953953743
122.4	29.1	3.30600571632
115.5	28.8	3.30299925804
115.8	28.8	3.30299735069
116.1	28.8	3.30300998688
116.4	28.8	3.30303239822
116.7	28.8	3.30300736427
117	28.8	3.30284619331
117.3	28.8	3.30233216286
117.6	28.8	3.30200600624
117.9	28.8	3.30699443817
118.2	28.8	3.32839989662
118.5	28.8	3.36638712883
118.8	28.8	3.39141201973
119.1	28.8	3.38799667358
119.4	28.8	3.3933775425
119.7	28.8	3.40014839172
120	28.8	3.3773958683
120.3	28.8	3.36239290237
120.6	28.8	3.37227010727
120.9	28.8	3.38650178909
121.2	28.8	3.41759800911
121.5	28.8	3.41650176048
121.8	28.8	3.35867214203
122.1	28.8	3.31477069855
122.4	28.8	3.30120611191
115.5	28.5	3.3029999733
115.8	28.5	3.30299925804
116.1	28.5	3.30299854279
116.4	28.5	3.30300736427
116.7	28.5	3.30302429199
117	28.5	3.30300974846
117.3	28.5	3.30272698402
117.6	28.5	3.30187511444
117.9	28.5	3.3025021553
118.2	28.5	3.3125898838
118.5	28.5	3.33717060089
118.8	28.5	3.35750436783
119.1	28.5	3.35918188095
119.4	28.5	3.37156891823
119.7	28.5	3.37953400612
120	28.5	3.35574507713
120.3	28.5	3.35007977486
120.6	28.5	3.38191390038
120.9	28.5	3.41032218933
121.2	28.5	3.43206238747
121.5	28.5	3.40808391571
121.8	28.5	3.34173154831
122.1	28.5	3.30580258369
122.4	28.5	3.30003738403
115.5	28.2	3.3029999733
115.8	28.2	3.3029999733
116.1	28.2	3.30299925804
116.4	28.2	3.30300021172
116.7	28.2	3.30300569534
117	28.2	3.30302643776
117.3	28.2	3.30297255516
117.6	28.2	3.30240464211
117.9	28.2	3.3017911911
118.2	28.2	3.30581712723
118.5	28.2	3.32037138939
118.8	28.2	3.33590841293
119.1	28.2	3.34149384499
119.4	28.2	3.3503651619
119.7	28.2	3.35152697563
120	28.2	3.33542585373
120.3	28.2	3.34545397758
120.6	28.2	3.39502739906
120.9	28.2	3.43761205673
121.2	28.2	3.44585061073
121.5	28.2	3.39613842964
121.8	28.2	3.32789826393
122.1	28.2	3.30141472816
122.4	28.2	3.30043935776
115.5	27.9	3.3029999733
115.8	27.9	3.3029999733
116.1	27.9	3.30299973488
116.4	27.9	3.30299949646
116.7	27.9	3.30300211906
117	27.9	3.30301165581
117.3	27.9	3.30301833153
117.6	27.9	3.3027741909
117.9	27.9	3.302120924
118.2	27.9	3.30361890793
118.5	27.9	3.31233215332
118.8	27.9	3.32515335083
119.1	27.9	3.33254432678
119.4	27.9	3.33558964729
119.7	27.9	3.33148741722
120	27.9	3.32284760475
120.3	27.9	3.33781147003
120.6	27.9	3.38689351082
120.9	27.9	3.43606448174
121.2	27.9	3.43800449371
121.5	27.9	3.37790322304
121.8	27.9	3.31785559654
122.1	27.9	3.30012202263
122.4	27.9	3.30124378204
115.5	27.6	3.3029999733
115.8	27.6	3.3029999733
116.1	27.6	3.3029999733
116.4	27.6	3.30299949646
116.7	27.6	3.3029999733
117	27.6	3.30300712585
117.3	27.6	3.30301880836
117.6	27.6	3.30291771889
117.9	27.6	3.3024725914
118.2	27.6	3.30286240578
118.5	27.6	3.30774569511
118.8	27.6	3.31739997864
119.1	27.6	3.32458806038
119.4	27.6	3.32465744019
119.7	27.6	3.31848311424
120	27.6	3.31288194656
120.3	27.6	3.32276463509
120.6	27.6	3.35719537735
120.9	27.6	3.39900064468
121.2	27.6	3.40016770363
121.5	27.6	3.35107755661
121.8	27.6	3.30973005295
122.1	27.6	3.30029368401
122.4	27.6	3.30200338364
115.5	27.3	3.3029999733
115.8	27.3	3.3029999733
116.1	27.3	3.3029999733
116.4	27.3	3.3029999733
116.7	27.3	3.30299901962
117	27.3	3.30300331116
117.3	27.3	3.30301809311
117.6	27.3	3.30298638344
117.9	27.3	3.30270028114
118.2	27.3	3.30246663094
118.5	27.3	3.30435490608
118.8	27.3	3.30930280685
119.1	27.3	3.31348705292
119.4	27.3	3.3127117157
119.7	27.3	3.30839300156
120	27.3	3.30482172966
120.3	27.3	3.30855083466
120.6	27.3	3.32591772079
120.9	27.3	3.35055732727
121.2	27.3	3.35119843483
121.5	27.3	3.32372260094
121.8	27.3	3.30368208885
122.1	27.3	3.30090117455
122.4	27.3	3.30258893967
