115.5	34.8	3.59316444397
115.8	34.8	3.59378194809
116.1	34.8	3.59309315681
116.4	34.8	3.58266663551
116.7	34.8	3.55689358711
117	34.8	3.53850626945
117.3	34.8	3.54690670967
117.6	34.8	3.55713295937
117.9	34.8	3.55464172363
118.2	34.8	3.54790234566
118.5	34.8	3.55565047264
118.8	34.8	3.5823507309
119.1	34.8	3.60858798027
119.4	34.8	3.60327959061
119.7	34.8	3.58635020256
120	34.8	3.58635187149
120.3	34.8	3.59264731407
120.6	34.8	3.59466457367
120.9	34.8	3.59363222122
121.2	34.8	3.5929582119
121.5	34.8	3.59292554855
121.8	34.8	3.59299659729
122.1	34.8	3.59300303459
122.4	34.8	3.59300017357
115.5	34.5	3.59327101707
115.8	34.5	3.5939810276
116.1	34.5	3.59186768532
116.4	34.5	3.57498621941
116.7	34.5	3.53848028183
117	34.5	3.51520800591
117.3	34.5	3.52703475952
117.6	34.5	3.54189372063
117.9	34.5	3.54101514816
118.2	34.5	3.5287539959
118.5	34.5	3.53403878212
118.8	34.5	3.57458758354
119.1	34.5	3.62081384659
119.4	34.5	3.60959076881
119.7	34.5	3.5712583065
120	34.5	3.56653499603
120.3	34.5	3.58273291588
120.6	34.5	3.59336805344
120.9	34.5	3.59446525574
121.2	34.5	3.59334731102
121.5	34.5	3.59295082092
121.8	34.5	3.59295010567
122.1	34.5	3.59299254417
122.4	34.5	3.59300255775
115.5	34.2	3.59329319
115.8	34.2	3.59375047684
116.1	34.2	3.59007644653
116.4	34.2	3.56954073906
116.7	34.2	3.53046774864
117	34.2	3.50910663605
117.3	34.2	3.52316021919
117.6	34.2	3.5442070961
117.9	34.2	3.55660176277
118.2	34.2	3.54696369171
118.5	34.2	3.53789305687
118.8	34.2	3.56583309174
119.1	34.2	3.61222338676
119.4	34.2	3.59775424004
119.7	34.2	3.54217123985
120	34.2	3.52991318703
120.3	34.2	3.56025457382
120.6	34.2	3.587246418
120.9	34.2	3.59444236755
121.2	34.2	3.59403038025
121.5	34.2	3.59323406219
121.8	34.2	3.59301042557
122.1	34.2	3.59296870232
122.4	34.2	3.59298872948
115.5	33.9	3.59320068359
115.8	33.9	3.5933508873
116.1	33.9	3.58947515488
116.4	33.9	3.57132458687
116.7	33.9	3.53901147842
117	33.9	3.52162122726
117.3	33.9	3.53157281876
117.6	33.9	3.55106306076
117.9	33.9	3.57262229919
118.2	33.9	3.57574367523
118.5	33.9	3.56416225433
118.8	33.9	3.56637048721
119.1	33.9	3.58461689949
119.4	33.9	3.56704235077
119.7	33.9	3.51300668716
120	33.9	3.49986553192
120.3	33.9	3.54131507874
120.6	33.9	3.58140611649
120.9	33.9	3.59328198433
121.2	33.9	3.59425544739
121.5	33.9	3.59372377396
121.8	33.9	3.59328484535
122.1	33.9	3.59306502342
122.4	33.9	3.59298229218
115.5	33.6	3.59310889244
115.8	33.6	3.59338974953
116.1	33.6	3.59204602242
116.4	33.6	3.5840344429
116.7	33.6	3.56878089905
117	33.6	3.55806493759
117.3	33.6	3.55843353271
117.6	33.6	3.56020784378
117.9	33.6	3.56200289726
118.2	33.6	3.56730699539
118.5	33.6	3.57643532753
118.8	33.6	3.57166147232
119.1	33.6	3.55355978012
119.4	33.6	3.52697658539
119.7	33.6	3.49995803833
120	33.6	3.51023221016
120.3	33.6	3.55446076393
120.6	33.6	3.58645677567
120.9	33.6	3.59103655815
121.2	33.6	3.59156632423
121.5	33.6	3.59315013885
121.8	33.6	3.59346961975
122.1	33.6	3.59327483177
122.4	33.6	3.59307837486
115.5	33.3	3.59308505058
115.8	33.3	3.59353780746
116.1	33.3	3.59507465363
116.4	33.3	3.59816050529
116.7	33.3	3.60115218163
117	33.3	3.60207247734
117.3	33.3	3.60010075569
117.6	33.3	3.58694005013
117.9	33.3	3.56165099144
118.2	33.3	3.55305099487
118.5	33.3	3.57097506523
118.8	33.3	3.5635368824
119.1	33.3	3.51895833015
119.4	33.3	3.48036575317
119.7	33.3	3.49369931221
120	33.3	3.55160832405
120.3	33.3	3.59717655182
120.6	33.3	3.60007047653
120.9	33.3	3.58264660835
121.2	33.3	3.58008742332
121.5	33.3	3.5873913765
121.8	33.3	3.59221887589
122.1	33.3	3.59312343597
122.4	33.3	3.59317803383
115.5	33	3.59305620193
115.8	33	3.59290933609
116.1	33	3.5943043232
116.4	33	3.6010491848
116.7	33	3.61180281639
117	33	3.61844301224
117.3	33	3.62010645866
117.6	33	3.61257410049
117.9	33	3.59549021721
118.2	33	3.59139323235
118.5	33	3.59216189384
118.8	33	3.56132292747
119.1	33	3.50315546989
119.4	33	3.45847678185
119.7	33	3.49102020264
120	33	3.57948660851
120.3	33	3.62475562096
120.6	33	3.59418153763
120.9	33	3.55430483818
121.2	33	3.55376338959
121.5	33	3.57177257538
121.8	33	3.5871822834
122.1	33	3.59205126762
122.4	33	3.59281182289
115.5	32.7	3.59301424026
115.8	32.7	3.59176158905
116.1	32.7	3.59180426598
116.4	32.7	3.59888267517
116.7	32.7	3.60828948021
117	32.7	3.6068046093
117.3	32.7	3.6021900177
117.6	32.7	3.60383105278
117.9	32.7	3.60824298859
118.2	32.7	3.61709284782
118.5	32.7	3.60591936111
118.8	32.7	3.57132554054
119.1	32.7	3.5293033123
119.4	32.7	3.50119757652
119.7	32.7	3.53031134605
120	32.7	3.59538578987
120.3	32.7	3.60660219193
120.6	32.7	3.53668570518
120.9	32.7	3.50258183479
121.2	32.7	3.53104948997
121.5	32.7	3.55773019791
121.8	32.7	3.58144021034
122.1	32.7	3.59068703651
122.4	32.7	3.59190416336
115.5	32.4	3.59238004684
115.8	32.4	3.5890314579
116.1	32.4	3.58829545975
116.4	32.4	3.59712076187
116.7	32.4	3.60076999664
117	32.4	3.57724642754
117.3	32.4	3.55570197105
117.6	32.4	3.57262420654
117.9	32.4	3.59784460068
118.2	32.4	3.60615968704
118.5	32.4	3.58682703972
118.8	32.4	3.57316684723
119.1	32.4	3.56582260132
119.4	32.4	3.56067872047
119.7	32.4	3.5816257
120	32.4	3.60554361343
120.3	32.4	3.56913971901
120.6	32.4	3.47140455246
120.9	32.4	3.48556566238
121.2	32.4	3.57211279869
121.5	32.4	3.58750247955
121.8	32.4	3.59152126312
122.1	32.4	3.59369421005
122.4	32.4	3.59167003632
115.5	32.1	3.59007263184
115.8	32.1	3.58220005035
116.1	32.1	3.57958912849
116.4	32.1	3.59406423569
116.7	32.1	3.59767508507
117	32.1	3.55168008804
117.3	32.1	3.50554180145
117.6	32.1	3.53141021729
117.9	32.1	3.57623410225
118.2	32.1	3.58806681633
118.5	32.1	3.56880903244
118.8	32.1	3.56647443771
119.1	32.1	3.58189463615
119.4	32.1	3.58992385864
119.7	32.1	3.59803104401
120	32.1	3.59778213501
120.3	32.1	3.55914187431
120.6	32.1	3.4933347702
120.9	32.1	3.54544711113
121.2	32.1	3.6445183754
121.5	32.1	3.64100313187
121.8	32.1	3.61986136436
122.1	32.1	3.60470914841
122.4	32.1	3.59384036064
115.5	31.8	3.58706283569
115.8	31.8	3.5727391243
116.1	31.8	3.56462836266
116.4	31.8	3.58383274078
116.7	31.8	3.60215067863
117	31.8	3.56234049797
117.3	31.8	3.50427055359
117.6	31.8	3.51655936241
117.9	31.8	3.55972766876
118.2	31.8	3.58011984825
118.5	31.8	3.57533216476
118.8	31.8	3.57459545135
119.1	31.8	3.5899720192
119.4	31.8	3.59290838242
119.7	31.8	3.5829679966
120	31.8	3.57545137405
120.3	31.8	3.56160783768
120.6	31.8	3.54142308235
120.9	31.8	3.57575201988
121.2	31.8	3.629997015
121.5	31.8	3.64356899261
121.8	31.8	3.64347815514
122.1	31.8	3.62023949623
122.4	31.8	3.59839463234
115.5	31.5	3.58714127541
115.8	31.5	3.57045555115
116.1	31.5	3.55366015434
116.4	31.5	3.56358671188
116.7	31.5	3.59377455711
117	31.5	3.59141969681
117.3	31.5	3.55918502808
117.6	31.5	3.55634951591
117.9	31.5	3.57197570801
118.2	31.5	3.58176612854
118.5	31.5	3.58222699165
118.8	31.5	3.57772946358
119.1	31.5	3.59140992165
119.4	31.5	3.59083652496
119.7	31.5	3.56658363342
120	31.5	3.5556871891
120.3	31.5	3.56708788872
120.6	31.5	3.57096648216
120.9	31.5	3.56631875038
121.2	31.5	3.57603359222
121.5	31.5	3.61464500427
121.8	31.5	3.64628982544
122.1	31.5	3.62561893463
122.4	31.5	3.59826850891
115.5	31.2	3.59051465988
115.8	31.2	3.57854413986
116.1	31.2	3.5589363575
116.4	31.2	3.5524160862
116.7	31.2	3.57595133781
117	31.2	3.60304546356
117.3	31.2	3.6063914299
117.6	31.2	3.60078454018
117.9	31.2	3.59211707115
118.2	31.2	3.58909964561
118.5	31.2	3.58863687515
118.8	31.2	3.57732224464
119.1	31.2	3.59419703484
119.4	31.2	3.60409474373
119.7	31.2	3.57739830017
120	31.2	3.56213879585
120.3	31.2	3.59488916397
120.6	31.2	3.61137580872
120.9	31.2	3.59292244911
121.2	31.2	3.58817863464
121.5	31.2	3.62027215958
121.8	31.2	3.64502286911
122.1	31.2	3.61728191376
122.4	31.2	3.58846187592
115.5	30.9	3.59334278107
115.8	30.9	3.5885283947
116.1	30.9	3.57588386536
116.4	30.9	3.56408882141
116.7	30.9	3.57322788239
117	30.9	3.59884738922
117.3	30.9	3.61127328873
117.6	30.9	3.60952019691
117.9	30.9	3.60534930229
118.2	30.9	3.61353206635
118.5	30.9	3.6192650795
118.8	30.9	3.60131931305
119.1	30.9	3.61367917061
119.4	30.9	3.6286509037
119.7	30.9	3.59791684151
120	30.9	3.57333874702
120.3	30.9	3.60985136032
120.6	30.9	3.63089227676
120.9	30.9	3.6237385273
121.2	30.9	3.62909603119
121.5	30.9	3.64812850952
121.8	30.9	3.65268826485
122.1	30.9	3.61300230026
122.4	30.9	3.58039212227
115.5	30.6	3.59385514259
115.8	30.6	3.59336447716
116.1	30.6	3.58888220787
116.4	30.6	3.58212161064
116.7	30.6	3.58293485641
117	30.6	3.59329009056
117.3	30.6	3.598320961
117.6	30.6	3.60574388504
117.9	30.6	3.6255338192
118.2	30.6	3.64809250832
118.5	30.6	3.64197516441
118.8	30.6	3.60684609413
119.1	30.6	3.61235451698
119.4	30.6	3.6284661293
119.7	30.6	3.59711027145
120	30.6	3.57253599167
120.3	30.6	3.597260952
120.6	30.6	3.61005926132
120.9	30.6	3.6230096817
121.2	30.6	3.64967894554
121.5	30.6	3.65208983421
121.8	30.6	3.64218711853
122.1	30.6	3.61480426788
122.4	30.6	3.58724999428
115.5	30.3	3.59336042404
115.8	30.3	3.59383249283
116.1	30.3	3.59330654144
116.4	30.3	3.59104394913
116.7	30.3	3.58917999268
117	30.3	3.58679103851
117.3	30.3	3.58246588707
117.6	30.3	3.59340953827
117.9	30.3	3.62448978424
118.2	30.3	3.63775110245
118.5	30.3	3.59155297279
118.8	30.3	3.53595352173
119.1	30.3	3.55856466293
119.4	30.3	3.6021399498
119.7	30.3	3.59634661674
120	30.3	3.59673190117
120.3	30.3	3.62300920486
120.6	30.3	3.62244963646
120.9	30.3	3.64861512184
121.2	30.3	3.68295693398
121.5	30.3	3.63958764076
121.8	30.3	3.60465335846
122.1	30.3	3.60913968086
122.4	30.3	3.60265946388
115.5	30	3.59301257133
115.8	30	3.59328269958
116.1	30	3.59354257584
116.4	30	3.59329175949
116.7	30	3.59196472168
117	30	3.58725452423
117.3	30	3.57846617699
117.6	30	3.57852888107
117.9	30	3.59320235252
118.2	30	3.5841588974
118.5	30	3.5192668438
118.8	30	3.48396587372
119.1	30	3.54569196701
119.4	30	3.61140918732
119.7	30	3.6092903614
120	30	3.61927485466
120.3	30	3.65661406517
120.6	30	3.64718556404
120.9	30	3.65852713585
121.2	30	3.68349862099
121.5	30	3.62915658951
121.8	30	3.59499692917
122.1	30	3.61523270607
122.4	30	3.6146197319
115.5	29.7	3.59296011925
115.8	29.7	3.59300684929
116.1	29.7	3.59316062927
116.4	29.7	3.5933303833
116.7	29.7	3.59315085411
117	29.7	3.59091424942
117.3	29.7	3.58483719826
117.6	29.7	3.57918310165
117.9	29.7	3.58228158951
118.2	29.7	3.58535504341
118.5	29.7	3.57516980171
118.8	29.7	3.58435440063
119.1	29.7	3.63323092461
119.4	29.7	3.65941572189
119.7	29.7	3.63736438751
120	29.7	3.65095496178
120.3	29.7	3.68694067001
120.6	29.7	3.6591565609
120.9	29.7	3.64326858521
121.2	29.7	3.65826392174
121.5	29.7	3.63152885437
121.8	29.7	3.61602497101
122.1	29.7	3.62548899651
122.4	29.7	3.61495923996
115.5	29.4	3.59299135208
115.8	29.4	3.59297347069
116.1	29.4	3.59299826622
116.4	29.4	3.59310364723
116.7	29.4	3.59331774712
117	29.4	3.59305119514
117.3	29.4	3.59096717834
117.6	29.4	3.58863806725
117.9	29.4	3.59621357918
118.2	29.4	3.62832999229
118.5	29.4	3.67053031921
118.8	29.4	3.69215488434
119.1	29.4	3.69544625282
119.4	29.4	3.68430447578
119.7	29.4	3.66977286339
120	29.4	3.6899960041
120.3	29.4	3.70261740685
120.6	29.4	3.6614215374
120.9	29.4	3.63941764832
121.2	29.4	3.65536403656
121.5	29.4	3.65405797958
121.8	29.4	3.6373705864
122.1	29.4	3.62378644943
122.4	29.4	3.6061103344
115.5	29.1	3.59300208092
115.8	29.1	3.59299468994
116.1	29.1	3.59298110008
116.4	29.1	3.5929954052
116.7	29.1	3.59312105179
117	29.1	3.59330320358
117.3	29.1	3.59298229218
117.6	29.1	3.59287619591
117.9	29.1	3.60151481628
118.2	29.1	3.63466477394
118.5	29.1	3.6825067997
118.8	29.1	3.70000243187
119.1	29.1	3.68338394165
119.4	29.1	3.68111371994
119.7	29.1	3.69470477104
120	29.1	3.69668126106
120.3	29.1	3.67698693275
120.6	29.1	3.64757966995
120.9	29.1	3.64370322227
121.2	29.1	3.67314243317
121.5	29.1	3.68734574318
121.8	29.1	3.65167331696
122.1	29.1	3.61592626572
122.4	29.1	3.59726500511
115.5	28.8	3.59300041199
115.8	28.8	3.5930018425
116.1	28.8	3.59299683571
116.4	28.8	3.59298110008
116.7	28.8	3.59299826622
117	28.8	3.5930788517
117.3	28.8	3.5929453373
117.6	28.8	3.59266662598
117.9	28.8	3.5968708992
118.2	28.8	3.61633872986
118.5	28.8	3.64836478233
118.8	28.8	3.65982747078
119.1	28.8	3.65030550957
119.4	28.8	3.6750638485
119.7	28.8	3.6938431263
120	28.8	3.65981411934
120.3	28.8	3.62809896469
120.6	28.8	3.63096570969
120.9	28.8	3.64673662186
121.2	28.8	3.68386316299
121.5	28.8	3.70077347755
121.8	28.8	3.65053868294
122.1	28.8	3.60688948631
122.4	28.8	3.59233474731
115.5	28.5	3.59299993515
115.8	28.5	3.59300017357
116.1	28.5	3.59300255775
116.4	28.5	3.59299707413
116.7	28.5	3.59298443794
117	28.5	3.59299874306
117.3	28.5	3.59286189079
117.6	28.5	3.59231925011
117.9	28.5	3.59331226349
118.2	28.5	3.60305953026
118.5	28.5	3.62233424187
118.8	28.5	3.63022828102
119.1	28.5	3.62926387787
119.4	28.5	3.6554915905
119.7	28.5	3.65830636024
120	28.5	3.61439371109
120.3	28.5	3.60182142258
120.6	28.5	3.64093112946
120.9	28.5	3.66907334328
121.2	28.5	3.69426441193
121.5	28.5	3.69283103943
121.8	28.5	3.63630628586
122.1	28.5	3.59854745865
122.4	28.5	3.59053754807
115.5	28.2	3.59299993515
115.8	28.2	3.59299969673
116.1	28.2	3.59300017357
116.4	28.2	3.59300327301
116.7	28.2	3.59299826622
117	28.2	3.59299778938
117.3	28.2	3.59295225143
117.6	28.2	3.59248781204
117.9	28.2	3.59238147736
118.2	28.2	3.59684371948
118.5	28.2	3.60863423347
118.8	28.2	3.61529684067
119.1	28.2	3.61348009109
119.4	28.2	3.62050318718
119.7	28.2	3.61466550827
120	28.2	3.59107780457
120.3	28.2	3.60335707664
120.6	28.2	3.66077494621
120.9	28.2	3.69607138634
121.2	28.2	3.70433068275
121.5	28.2	3.67749762535
121.8	28.2	3.62055444717
122.1	28.2	3.59316253662
122.4	28.2	3.59050798416
115.5	27.9	3.59299993515
115.8	27.9	3.59299993515
116.1	27.9	3.59299969673
116.4	27.9	3.59299993515
116.7	27.9	3.5930044651
117	27.9	3.59300589561
117.3	27.9	3.59299015999
117.6	27.9	3.59276437759
117.9	27.9	3.59238791466
118.2	27.9	3.59436845779
118.5	27.9	3.60122108459
118.8	27.9	3.60587215424
119.1	27.9	3.60055732727
119.4	27.9	3.59605669975
119.7	27.9	3.59298253059
120	27.9	3.58805537224
120.3	27.9	3.60616660118
120.6	27.9	3.65444970131
120.9	27.9	3.68963241577
121.2	27.9	3.69273328781
121.5	27.9	3.65637731552
121.8	27.9	3.60841965675
122.1	27.9	3.59106230736
122.4	27.9	3.59121894836
115.5	27.6	3.59299993515
115.8	27.6	3.59299993515
116.1	27.6	3.59299993515
116.4	27.6	3.59299921989
116.7	27.6	3.59300041199
117	27.6	3.59300899506
117.3	27.6	3.59301042557
117.6	27.6	3.59289860725
117.9	27.6	3.59258770943
118.2	27.6	3.59321641922
118.5	27.6	3.59663510323
118.8	27.6	3.59935379028
119.1	27.6	3.5953707695
119.4	27.6	3.59084415436
119.7	27.6	3.59029269218
120	27.6	3.59055304527
120.3	27.6	3.60096120834
120.6	27.6	3.62816143036
120.9	27.6	3.65504550934
121.2	27.6	3.65905499458
121.5	27.6	3.630453825
121.8	27.6	3.59944581985
122.1	27.6	3.59080195427
122.4	27.6	3.5920009613
115.5	27.3	3.59299993515
115.8	27.3	3.59299993515
116.1	27.3	3.59299993515
116.4	27.3	3.59299969673
116.7	27.3	3.59299898148
117	27.3	3.59300374985
117.3	27.3	3.59301614761
117.6	27.3	3.59297800064
117.9	27.3	3.59276223183
118.2	27.3	3.59273743629
118.5	27.3	3.59406447411
118.8	27.3	3.59550595284
119.1	27.3	3.59417033195
119.4	27.3	3.5921626091
119.7	27.3	3.59197759628
120	27.3	3.59161329269
120.3	27.3	3.59464883804
120.6	27.3	3.60598278046
120.9	27.3	3.62108206749
121.2	27.3	3.62382507324
121.5	27.3	3.60825204849
121.8	27.3	3.59379982948
122.1	27.3	3.59123635292
122.4	27.3	3.59260129929
