115.5	34.8	3.16874814034
115.8	34.8	3.17046785355
116.1	34.8	3.16986441612
116.4	34.8	3.15624547005
116.7	34.8	3.11814188957
117	34.8	3.09114170074
117.3	34.8	3.12151360512
117.6	34.8	3.1591823101
117.9	34.8	3.16939878464
118.2	34.8	3.16628861427
118.5	34.8	3.17907762527
118.8	34.8	3.20979690552
119.1	34.8	3.21864461899
119.4	34.8	3.18602705002
119.7	34.8	3.16511297226
120	34.8	3.16689276695
120.3	34.8	3.17071247101
120.6	34.8	3.17111635208
120.9	34.8	3.17036104202
121.2	34.8	3.16995215416
121.5	34.8	3.16995239258
121.8	34.8	3.1699988842
122.1	34.8	3.17000222206
122.4	34.8	3.17000007629
115.5	34.5	3.16937422752
115.8	34.5	3.17066907883
116.1	34.5	3.1690967083
116.4	34.5	3.15153670311
116.7	34.5	3.10471391678
117	34.5	3.073158741
117.3	34.5	3.11606788635
117.6	34.5	3.17068743706
117.9	34.5	3.17978978157
118.2	34.5	3.1614408493
118.5	34.5	3.17377686501
118.8	34.5	3.22523880005
119.1	34.5	3.24340367317
119.4	34.5	3.18884992599
119.7	34.5	3.15092873573
120	34.5	3.15475296974
120.3	34.5	3.16593933105
120.6	34.5	3.17095851898
120.9	34.5	3.1713039875
121.2	34.5	3.17033147812
121.5	34.5	3.16992926598
121.8	34.5	3.16996383667
122.1	34.5	3.17000007629
122.4	34.5	3.17000126839
115.5	34.2	3.17007040977
115.8	34.2	3.17050695419
116.1	34.2	3.16948533058
116.4	34.2	3.15720295906
116.7	34.2	3.12230491638
117	34.2	3.09930038452
117.3	34.2	3.13985896111
117.6	34.2	3.19462203979
117.9	34.2	3.19851994514
118.2	34.2	3.16093444824
118.5	34.2	3.15743088722
118.8	34.2	3.21293258667
119.1	34.2	3.23523306847
119.4	34.2	3.16722249985
119.7	34.2	3.11780905724
120	34.2	3.12490797043
120.3	34.2	3.14783358574
120.6	34.2	3.16483402252
120.9	34.2	3.17139291763
121.2	34.2	3.1713347435
121.5	34.2	3.17019677162
121.8	34.2	3.16994190216
122.1	34.2	3.16998004913
122.4	34.2	3.16999769211
115.5	33.9	3.17007851601
115.8	33.9	3.17018342018
116.1	33.9	3.17118668556
116.4	33.9	3.16934466362
116.7	33.9	3.15379047394
117	33.9	3.13833737373
117.3	33.9	3.16368055344
117.6	33.9	3.20485019684
117.9	33.9	3.20291829109
118.2	33.9	3.15943956375
118.5	33.9	3.14097499847
118.8	33.9	3.17949986458
119.1	33.9	3.18860650063
119.4	33.9	3.1186568737
119.7	33.9	3.07210540771
120	33.9	3.08464622498
120.3	33.9	3.11634707451
120.6	33.9	3.1468975544
120.9	33.9	3.16630291939
121.2	33.9	3.17197155952
121.5	33.9	3.17094874382
121.8	33.9	3.17009496689
122.1	33.9	3.17000055313
122.4	33.9	3.16998815536
115.5	33.6	3.16992807388
115.8	33.6	3.16991901398
116.1	33.6	3.17261886597
116.4	33.6	3.18013429642
116.7	33.6	3.18085074425
117	33.6	3.1702940464
117.3	33.6	3.18059873581
117.6	33.6	3.19877958298
117.9	33.6	3.17950820923
118.2	33.6	3.14430475235
118.5	33.6	3.13800168037
118.8	33.6	3.14911055565
119.1	33.6	3.11786603928
119.4	33.6	3.05202364922
119.7	33.6	3.02978253365
120	33.6	3.05752325058
120.3	33.6	3.08782863617
120.6	33.6	3.11575579643
120.9	33.6	3.14859700203
121.2	33.6	3.1689388752
121.5	33.6	3.1714785099
121.8	33.6	3.17032194138
122.1	33.6	3.17013955116
122.4	33.6	3.17004108429
115.5	33.3	3.16980266571
115.8	33.3	3.16893768311
116.1	33.3	3.17073607445
116.4	33.3	3.18244385719
116.7	33.3	3.19686889648
117	33.3	3.20223259926
117.3	33.3	3.21160149574
117.6	33.3	3.2047522068
117.9	33.3	3.1622209549
118.2	33.3	3.14040780067
118.5	33.3	3.16204571724
118.8	33.3	3.13439273834
119.1	33.3	3.03841042519
119.4	33.3	2.97149467468
119.7	33.3	2.9817173481
120	33.3	3.03829598427
120.3	33.3	3.06878376007
120.6	33.3	3.07206082344
120.9	33.3	3.11152791977
121.2	33.3	3.15920495987
121.5	33.3	3.17038464546
121.8	33.3	3.16949725151
122.1	33.3	3.17005705833
122.4	33.3	3.1701900959
115.5	33	3.16948771477
115.8	33	3.16706347466
116.1	33	3.16620516777
116.4	33	3.17749667168
116.7	33	3.19904017448
117	33	3.22087407112
117.3	33	3.2402715683
117.6	33	3.22778654099
117.9	33	3.18884944916
118.2	33	3.1851811409
118.5	33	3.20958638191
118.8	33	3.14143419266
119.1	33	2.99588298798
119.4	33	2.91633558273
119.7	33	2.92333102226
120	33	2.99242448807
120.3	33	3.03891897202
120.6	33	3.01513624191
120.9	33	3.06178855896
121.2	33	3.15135383606
121.5	33	3.16935062408
121.8	33	3.16574001312
122.1	33	3.16865348816
122.4	33	3.17009735107
115.5	32.7	3.16901564598
115.8	32.7	3.16578125954
116.1	32.7	3.16553616524
116.4	32.7	3.17842364311
116.7	32.7	3.19446063042
117	32.7	3.20359349251
117.3	32.7	3.21661353111
117.6	32.7	3.2204144001
117.9	32.7	3.21575880051
118.2	32.7	3.22183585167
118.5	32.7	3.21486926079
118.8	32.7	3.14292740822
119.1	32.7	3.03250288963
119.4	32.7	2.9714884758
119.7	32.7	2.94079351425
120	32.7	2.95984721184
120.3	32.7	2.99747085571
120.6	32.7	2.95425009727
120.9	32.7	3.03342366219
121.2	32.7	3.1769618988
121.5	32.7	3.17874217033
121.8	32.7	3.16022920609
122.1	32.7	3.16565918922
122.4	32.7	3.16930294037
115.5	32.4	3.16847157478
115.8	32.4	3.16594433784
116.1	32.4	3.1717376709
116.4	32.4	3.19355297089
116.7	32.4	3.19997835159
117	32.4	3.16983437538
117.3	32.4	3.15297698975
117.6	32.4	3.18238139153
117.9	32.4	3.22369265556
118.2	32.4	3.22991132736
118.5	32.4	3.18361878395
118.8	32.4	3.1286213398
119.1	32.4	3.09249305725
119.4	32.4	3.08128261566
119.7	32.4	3.03158593178
120	32.4	2.98016643524
120.3	32.4	2.97078967094
120.6	32.4	2.92429447174
120.9	32.4	3.06841945648
121.2	32.4	3.25165987015
121.5	32.4	3.2062895298
121.8	32.4	3.16214084625
122.1	32.4	3.16581916809
122.4	32.4	3.168664217
115.5	32.1	3.16819238663
115.8	32.1	3.16738653183
116.1	32.1	3.18199133873
116.4	32.1	3.2184844017
116.7	32.1	3.22259402275
117	32.1	3.14986157417
117.3	32.1	3.09126853943
117.6	32.1	3.13750600815
117.9	32.1	3.2111389637
118.2	32.1	3.21720957756
118.5	32.1	3.1620721817
118.8	32.1	3.1278128624
119.1	32.1	3.12493371964
119.4	32.1	3.12379288673
119.7	32.1	3.09132838249
120	32.1	3.05813765526
120.3	32.1	3.05524754524
120.6	32.1	3.02957129478
120.9	32.1	3.15194630623
121.2	32.1	3.27386832237
121.5	32.1	3.21428012848
121.8	32.1	3.18000984192
122.1	32.1	3.17706942558
122.4	32.1	3.17111229897
115.5	31.8	3.16880226135
115.8	31.8	3.17028903961
116.1	31.8	3.1897687912
116.4	31.8	3.23446559906
116.7	31.8	3.24719691277
117	31.8	3.16976332664
117.3	31.8	3.08737301826
117.6	31.8	3.11512875557
117.9	31.8	3.1794526577
118.2	31.8	3.18466091156
118.5	31.8	3.15796732903
118.8	31.8	3.15582704544
119.1	31.8	3.15825939178
119.4	31.8	3.12223505974
119.7	31.8	3.08009982109
120	31.8	3.10168766975
120.3	31.8	3.15353488922
120.6	31.8	3.15883135796
120.9	31.8	3.18904256821
121.2	31.8	3.21936035156
121.5	31.8	3.21336293221
121.8	31.8	3.21828889847
122.1	31.8	3.19845414162
122.4	31.8	3.1764690876
115.5	31.5	3.17011618614
115.8	31.5	3.17354249954
116.1	31.5	3.1896378994
116.4	31.5	3.22217917442
116.7	31.5	3.23976778984
117	31.5	3.20415949821
117.3	31.5	3.15003538132
117.6	31.5	3.14758944511
117.9	31.5	3.16651439667
118.2	31.5	3.15192103386
118.5	31.5	3.14128470421
118.8	31.5	3.15990805626
119.1	31.5	3.17864131927
119.4	31.5	3.14254784584
119.7	31.5	3.09185957909
120	31.5	3.12477970123
120.3	31.5	3.19100570679
120.6	31.5	3.19994878769
120.9	31.5	3.16825842857
121.2	31.5	3.17015242577
121.5	31.5	3.21776437759
121.8	31.5	3.23485016823
122.1	31.5	3.20284867287
122.4	31.5	3.17652058601
115.5	31.2	3.17056655884
115.8	31.2	3.17410135269
116.1	31.2	3.18381547928
116.4	31.2	3.20034718513
116.7	31.2	3.21918439865
117	31.2	3.22974324226
117.3	31.2	3.2218105793
117.6	31.2	3.20783042908
117.9	31.2	3.18933129311
118.2	31.2	3.14577245712
118.5	31.2	3.11852169037
118.8	31.2	3.12948846817
119.1	31.2	3.16635131836
119.4	31.2	3.17012953758
119.7	31.2	3.14606952667
120	31.2	3.16219902039
120.3	31.2	3.18373441696
120.6	31.2	3.1715734005
120.9	31.2	3.16072010994
121.2	31.2	3.19653320312
121.5	31.2	3.23704171181
121.8	31.2	3.2271296978
122.1	31.2	3.19312644005
122.4	31.2	3.17154788971
115.5	30.9	3.16987729073
115.8	30.9	3.17168951035
116.1	30.9	3.17737817764
116.4	30.9	3.190117836
116.7	30.9	3.21516013145
117	30.9	3.24773216248
117.3	30.9	3.25952792168
117.6	30.9	3.24882602692
117.9	30.9	3.23042869568
118.2	30.9	3.18772816658
118.5	30.9	3.14795923233
118.8	30.9	3.14113020897
119.1	30.9	3.17693567276
119.4	30.9	3.19582080841
119.7	30.9	3.19497394562
120	30.9	3.2017967701
120.3	30.9	3.17054653168
120.6	30.9	3.14827442169
120.9	30.9	3.19041776657
121.2	30.9	3.2450606823
121.5	30.9	3.24576020241
121.8	30.9	3.22295689583
122.1	30.9	3.20141196251
122.4	30.9	3.17821907997
115.5	30.6	3.16951560974
115.8	30.6	3.16956973076
116.1	30.6	3.17205262184
116.4	30.6	3.18187904358
116.7	30.6	3.20762228966
117	30.6	3.24365639687
117.3	30.6	3.26084446907
117.6	30.6	3.26214027405
117.9	30.6	3.26906323433
118.2	30.6	3.25677394867
118.5	30.6	3.21995091438
118.8	30.6	3.20175385475
119.1	30.6	3.23055267334
119.4	30.6	3.23871803284
119.7	30.6	3.23466181755
120	30.6	3.23323273659
120.3	30.6	3.18145179749
120.6	30.6	3.16809439659
120.9	30.6	3.21252727509
121.2	30.6	3.22921299934
121.5	30.6	3.21105527878
121.8	30.6	3.21267652512
122.1	30.6	3.22100424767
122.4	30.6	3.19888758659
115.5	30.3	3.16973781586
115.8	30.3	3.16917419434
116.1	30.3	3.16906499863
116.4	30.3	3.17306637764
116.7	30.3	3.18789482117
117	30.3	3.21209859848
117.3	30.3	3.23031425476
117.6	30.3	3.24807167053
117.9	30.3	3.27558851242
118.2	30.3	3.27349162102
118.5	30.3	3.22073721886
118.8	30.3	3.19828724861
119.1	30.3	3.24387764931
119.4	30.3	3.26466369629
119.7	30.3	3.25151777267
120	30.3	3.24371361732
120.3	30.3	3.21625518799
120.6	30.3	3.20915818214
120.9	30.3	3.21076655388
121.2	30.3	3.19735884666
121.5	30.3	3.19347858429
121.8	30.3	3.20818972588
122.1	30.3	3.22461795807
122.4	30.3	3.20857977867
115.5	30	3.17000460625
115.8	30	3.169662714
116.1	30	3.16886472702
116.4	30	3.16891980171
116.7	30	3.17386507988
117	30	3.1857919693
117.3	30	3.20114541054
117.6	30	3.22218728065
117.9	30	3.24576210976
118.2	30	3.22698307037
118.5	30	3.15424275398
118.8	30	3.14202713966
119.1	30	3.22095727921
119.4	30	3.26901578903
119.7	30	3.25475859642
120	30	3.26130652428
120.3	30	3.27394652367
120.6	30	3.25556564331
120.9	30	3.22350382805
121.2	30	3.22266364098
121.5	30	3.24591469765
121.8	30	3.243257761
122.1	30	3.22653841972
122.4	30	3.20005989075
115.5	29.7	3.17005443573
115.8	29.7	3.17001509666
116.1	29.7	3.16958618164
116.4	29.7	3.16875123978
116.7	29.7	3.16903185844
117	29.7	3.17302799225
117.3	29.7	3.18241024017
117.6	29.7	3.19883203506
117.9	29.7	3.21776294708
118.2	29.7	3.21519947052
118.5	29.7	3.19274568558
118.8	29.7	3.21383357048
119.1	29.7	3.27577924728
119.4	29.7	3.29565310478
119.7	29.7	3.26169395447
120	29.7	3.26699090004
120.3	29.7	3.28860187531
120.6	29.7	3.2625477314
120.9	29.7	3.23172187805
121.2	29.7	3.25464010239
121.5	29.7	3.28658986092
121.8	29.7	3.26942229271
122.1	29.7	3.22729063034
122.4	29.7	3.18997478485
115.5	29.4	3.17001271248
115.8	29.4	3.17006230354
116.1	29.4	3.17000675201
116.4	29.4	3.16955900192
116.7	29.4	3.16887116432
117	29.4	3.16925358772
117.3	29.4	3.17321681976
117.6	29.4	3.18469929695
117.9	29.4	3.20761370659
118.2	29.4	3.24234724045
118.5	29.4	3.27996087074
118.8	29.4	3.30733251572
119.1	29.4	3.31840515137
119.4	29.4	3.29870009422
119.7	29.4	3.26824378967
120	29.4	3.27449011803
120.3	29.4	3.28132224083
120.6	29.4	3.25769782066
120.9	29.4	3.24353051186
121.2	29.4	3.27407360077
121.5	29.4	3.29031348228
121.8	29.4	3.25832152367
122.1	29.4	3.21182751656
122.4	29.4	3.17934155464
115.5	29.1	3.16999602318
115.8	29.1	3.17001533508
116.1	29.1	3.17006063461
116.4	29.1	3.16998744011
116.7	29.1	3.16959214211
117	29.1	3.1690735817
117.3	29.1	3.16972756386
117.6	29.1	3.17531943321
117.9	29.1	3.193826437
118.2	29.1	3.23485612869
118.5	29.1	3.28986549377
118.8	29.1	3.3221373558
119.1	29.1	3.30938887596
119.4	29.1	3.28236269951
119.7	29.1	3.2867629528
120	29.1	3.2897439003
120.3	29.1	3.26771759987
120.6	29.1	3.25289845467
120.9	29.1	3.25730848312
121.2	29.1	3.28586149216
121.5	29.1	3.28314304352
121.8	29.1	3.23562836647
122.1	29.1	3.19196510315
122.4	29.1	3.17135095596
115.5	28.8	3.1699988842
115.8	28.8	3.16999650002
116.1	28.8	3.17001676559
116.4	28.8	3.17004799843
116.7	28.8	3.16996335983
117	28.8	3.16960144043
117.3	28.8	3.16910362244
117.6	28.8	3.17018699646
117.9	28.8	3.17904090881
118.2	28.8	3.20623421669
118.5	28.8	3.25249862671
118.8	28.8	3.28633546829
119.1	28.8	3.27605462074
119.4	28.8	3.2751019001
119.7	28.8	3.31062364578
120	28.8	3.29456424713
120.3	28.8	3.25225901604
120.6	28.8	3.25126218796
120.9	28.8	3.2678937912
121.2	28.8	3.29131603241
121.5	28.8	3.27481150627
121.8	28.8	3.21675992012
122.1	28.8	3.17841458321
122.4	28.8	3.167927742
115.5	28.5	3.17000007629
115.8	28.5	3.1699988842
116.1	28.5	3.1699988842
116.4	28.5	3.17001628876
116.7	28.5	3.17003059387
117	28.5	3.16992807388
117.3	28.5	3.16949915886
117.6	28.5	3.16894936562
117.9	28.5	3.17140483856
118.2	28.5	3.1858150959
118.5	28.5	3.21760988235
118.8	28.5	3.24458193779
119.1	28.5	3.24783587456
119.4	28.5	3.27491784096
119.7	28.5	3.30804419518
120	28.5	3.2716345787
120.3	28.5	3.23669266701
120.6	28.5	3.25948023796
120.9	28.5	3.28983283043
121.2	28.5	3.30334925652
121.5	28.5	3.26677155495
121.8	28.5	3.20177531242
122.1	28.5	3.17111968994
122.4	28.5	3.1674144268
115.5	28.2	3.17000007629
115.8	28.2	3.17000007629
116.1	28.2	3.1699988842
116.4	28.2	3.17000174522
116.7	28.2	3.17001533508
117	28.2	3.17001652718
117.3	28.2	3.16985702515
117.6	28.2	3.16921925545
117.9	28.2	3.16904306412
118.2	28.2	3.17523193359
118.5	28.2	3.19512557983
118.8	28.2	3.21882009506
119.1	28.2	3.23846888542
119.4	28.2	3.27006959915
119.7	28.2	3.27648687363
120	28.2	3.23489999771
120.3	28.2	3.2219376564
120.6	28.2	3.26751303673
120.9	28.2	3.31693768501
121.2	28.2	3.32061171532
121.5	28.2	3.25918674469
121.8	28.2	3.19064927101
122.1	28.2	3.16775584221
122.4	28.2	3.16788983345
115.5	27.9	3.17000007629
115.8	27.9	3.17000007629
116.1	27.9	3.16999959946
116.4	27.9	3.16999936104
116.7	27.9	3.17000555992
117	27.9	3.17002034187
117.3	27.9	3.16999101639
117.6	27.9	3.16961073875
117.9	27.9	3.16884684563
118.2	27.9	3.17125940323
118.5	27.9	3.18492460251
118.8	27.9	3.20978021622
119.1	27.9	3.23745512962
119.4	27.9	3.25514578819
119.7	27.9	3.23886489868
120	27.9	3.2057466507
120.3	27.9	3.20707058907
120.6	27.9	3.25737190247
120.9	27.9	3.31753754616
121.2	27.9	3.31753396988
121.5	27.9	3.2453057766
121.8	27.9	3.1827609539
122.1	27.9	3.16693139076
122.4	27.9	3.16855239868
115.5	27.6	3.17000007629
115.8	27.6	3.17000007629
116.1	27.6	3.17000007629
116.4	27.6	3.16999936104
116.7	27.6	3.17000031471
117	27.6	3.17001271248
117.3	27.6	3.17002630234
117.6	27.6	3.16984534264
117.9	27.6	3.16915488243
118.2	27.6	3.16978335381
118.5	27.6	3.17834568024
118.8	27.6	3.19915008545
119.1	27.6	3.22213888168
119.4	27.6	3.22625112534
119.7	27.6	3.20539855957
120	27.6	3.18547916412
120.3	27.6	3.19048142433
120.6	27.6	3.22845339775
120.9	27.6	3.27981448174
121.2	27.6	3.27958798409
121.5	27.6	3.22026872635
121.8	27.6	3.17597270012
122.1	27.6	3.16732692719
122.4	27.6	3.16917538643
115.5	27.3	3.17000007629
115.8	27.3	3.17000007629
116.1	27.3	3.17000007629
116.4	27.3	3.17000007629
116.7	27.3	3.16999864578
117	27.3	3.17000484467
117.3	27.3	3.1700284481
117.6	27.3	3.16998147964
117.9	27.3	3.1694996357
118.2	27.3	3.16901350021
118.5	27.3	3.17227220535
118.8	27.3	3.18274974823
119.1	27.3	3.19416546822
119.4	27.3	3.19296550751
119.7	27.3	3.18083977699
120	27.3	3.17250919342
120.3	27.3	3.17604994774
120.6	27.3	3.19586110115
120.9	27.3	3.22539520264
121.2	27.3	3.22494482994
121.5	27.3	3.19191050529
121.8	27.3	3.1704056263
122.1	27.3	3.16800427437
122.4	27.3	3.16967129707
